➜  src git:(master) ✗ ruby main.rb
---------------------------------------------
TRAINING: ../data/data.txt
DATA: 2 coordinates / 3 classes
BUILD: 200 trees / 10 levels deep / 3000 records per tree / 3 records to stop / 2 features per level
RUNNING: 
200/200
ENDED.
RANKING:
[["a0", 713.337890625], ["a1", 437.611328125]]
TESTING: ../data/data.txt
3000/3000
ENDED:
RESULTS: 81 errors / out of 3000 test samples
TREES:
492.0, 307.0, 229.0, 220.0, 219.0, 247.0, 201.0, 183.0, 173.0, 169.0, 163.0, 161.0, 131.0, 148.0, 145.0, 158.0, 150.0, 149.0, 109.0, 105.0, 109.0, 103.0, 104.0, 101.0, 106.0, 103.0, 106.0, 107.0, 107.0, 109.0, 113.0, 116.0, 116.0, 111.0, 105.0, 107.0, 108.0, 107.0, 102.0, 101.0, 104.0, 103.0, 102.0, 101.0, 95.0, 95.0, 97.0, 92.0, 89.0, 93.0, 90.0, 90.0, 89.0, 89.0, 84.0, 88.0, 92.0, 96.0, 90.0, 96.0, 95.0, 93.0, 91.0, 91.0, 89.0, 86.0, 90.0, 90.0, 95.0, 91.0, 91.0, 88.0, 86.0, 85.0, 86.0, 88.0, 86.0, 87.0, 84.0, 84.0, 86.0, 84.0, 81.0, 88.0, 89.0, 89.0, 90.0, 91.0, 90.0, 88.0, 91.0, 93.0, 90.0, 87.0, 89.0, 89.0, 89.0, 88.0, 87.0, 87.0, 90.0, 89.0, 89.0, 87.0, 87.0, 86.0, 84.0, 86.0, 85.0, 84.0, 84.0, 85.0, 85.0, 82.0, 83.0, 81.0, 83.0, 83.0, 83.0, 82.0, 80.0, 77.0, 79.0, 79.0, 79.0, 81.0, 82.0, 81.0, 81.0, 82.0, 83.0, 81.0, 79.0, 81.0, 81.0, 81.0, 81.0, 83.0, 81.0, 81.0, 80.0, 81.0, 83.0, 84.0, 85.0, 84.0, 85.0, 85.0, 86.0, 86.0, 88.0, 86.0, 85.0, 86.0, 87.0, 86.0, 87.0, 89.0, 90.0, 88.0, 88.0, 88.0, 88.0, 88.0, 85.0, 84.0, 81.0, 83.0, 82.0, 82.0, 83.0, 83.0, 83.0, 84.0, 84.0, 83.0, 86.0, 87.0, 87.0, 84.0, 85.0, 82.0, 83.0, 82.0, 83.0, 82.0, 82.0, 83.0, 81.0, 81.0, 82.0, 81.0, 81.0, 80.0, 78.0, 78.0, 79.0, 79.0, 80.0, 81.0, 
TIME: 80.36391364999872
---------------------------------------------
TRAINING: ../data/forestS.txt
DATA: 49 coordinates / 4 classes
BUILD: 200 trees / 15 levels deep / 5000 records per tree / 5 records to stop / 8 features per level
RUNNING: 
200/200
ENDED.
RANKING:
[["a7", 143.92205810546875], ["a14", 124.26068115234375], ["a0", 116.3782958984375], ["a9", 93.94793701171875], ["a16", 82.0498046875], ["a2", 56.92279052734375], ["a8", 51.8629150390625], ["a21", 50.388671875], ["a12", 47.062744140625], ["a11", 41.827880859375], ["a10", 34.34515380859375], ["a13", 30.91876220703125], ["a19", 30.32196044921875], ["a17", 26.54998779296875], ["a18", 26.43853759765625], ["a1", 26.385986328125], ["a4", 24.6529541015625], ["a23", 23.52392578125], ["a15", 22.66156005859375], ["a5", 20.67047119140625], ["a6", 20.53509521484375], ["a3", 20.34521484375], ["a20", 18.19873046875], ["a24", 18.172607421875], ["a27", 16.82171630859375], ["a44", 15.81854248046875], ["a31", 15.0411376953125], ["a37", 14.84033203125], ["a33", 14.5921630859375], ["a22", 14.3934326171875], ["a40", 14.37396240234375], ["a48", 14.32965087890625], ["a30", 14.065185546875], ["a25", 14.05950927734375], ["a26", 13.65789794921875], ["a47", 13.632568359375], ["a45", 13.45684814453125], ["a38", 13.30291748046875], ["a35", 13.26531982421875], ["a34", 13.170654296875], ["a32", 13.0601806640625], ["a46", 12.635009765625], ["a28", 12.59478759765625], ["a41", 12.19476318359375], ["a42", 12.080078125], ["a39", 12.02569580078125], ["a43", 11.92156982421875], ["a36", 11.31719970703125], ["a29", 10.77215576171875]]
TESTING: ../data/forestS.txt
5000/5000
ENDED:
RESULTS: 0 errors / out of 5000 test samples
TREES:
1858.0, 1334.0, 1032.0, 736.0, 563.0, 420.0, 337.0, 277.0, 215.0, 156.0, 123.0, 107.0, 84.0, 62.0, 58.0, 50.0, 40.0, 35.0, 31.0, 26.0, 20.0, 18.0, 15.0, 14.0, 12.0, 9.0, 11.0, 8.0, 5.0, 7.0, 4.0, 3.0, 2.0, 2.0, 2.0, 2.0, 1.0, 1.0, 0.0, 0.0, 0.0, 1.0, 0.0, 0.0, 0.0, 1.0, 0.0, 0.0, 0.0, 0.0, 0.0, 0.0, 0.0, 0.0, 0.0, 0.0, 0.0, 1.0, 0.0, 0.0, 0.0, 0.0, 0.0, 0.0, 0.0, 0.0, 0.0, 0.0, 0.0, 0.0, 0.0, 0.0, 0.0, 0.0, 0.0, 0.0, 0.0, 0.0, 0.0, 0.0, 0.0, 0.0, 0.0, 0.0, 0.0, 0.0, 0.0, 0.0, 0.0, 0.0, 0.0, 0.0, 0.0, 0.0, 0.0, 0.0, 0.0, 0.0, 0.0, 0.0, 0.0, 0.0, 0.0, 0.0, 0.0, 0.0, 0.0, 0.0, 0.0, 0.0, 0.0, 0.0, 0.0, 0.0, 0.0, 0.0, 0.0, 0.0, 0.0, 0.0, 0.0, 0.0, 0.0, 0.0, 0.0, 0.0, 0.0, 0.0, 0.0, 0.0, 0.0, 0.0, 0.0, 0.0, 0.0, 0.0, 0.0, 0.0, 0.0, 0.0, 0.0, 0.0, 0.0, 0.0, 0.0, 0.0, 0.0, 0.0, 0.0, 0.0, 0.0, 0.0, 0.0, 0.0, 0.0, 0.0, 0.0, 0.0, 0.0, 0.0, 0.0, 0.0, 0.0, 0.0, 0.0, 0.0, 0.0, 0.0, 0.0, 0.0, 0.0, 0.0, 0.0, 0.0, 0.0, 0.0, 0.0, 0.0, 0.0, 0.0, 0.0, 0.0, 0.0, 0.0, 0.0, 0.0, 0.0, 0.0, 0.0, 0.0, 0.0, 0.0, 0.0, 0.0, 0.0, 0.0, 0.0, 0.0, 0.0, 0.0, 
TIME: 889.7273917410057
---------------------------------------------
TRAINING: ../data/forestR.txt
DATA: 14 coordinates / 0 classes
BUILD: 200 trees / 10 levels deep / 5000 records per tree / 5 records to stop / 5 features per level
RUNNING: 
200/200
ENDED.
RANKING:
[["a0", 320.03515625], ["a2", 251.92578125], ["a4", 169.099609375], ["a1", 158.1015625], ["a5", 135.998046875], ["a3", 117.09765625], ["a6", 87.40625], ["a12", 39.64453125], ["a7", 38.423828125], ["a10", 38.205078125], ["a9", 37.787109375], ["a11", 36.16015625], ["a8", 35.791015625], ["a13", 35.72265625]]
TESTING: ../data/forestR.txt
5000/5000
ENDED:
RESULTS: 0.09984047163732532 error-margin / out of 5000 test samples
TREES:
9.8, 8.53, 8.02, 7.69, 7.53, 7.5, 7.39, 7.3, 7.29, 7.27, 7.22, 7.21, 7.23, 7.24, 7.16, 7.16, 7.15, 7.14, 7.14, 7.14, 7.15, 7.13, 7.14, 7.15, 7.13, 7.13, 7.13, 7.12, 7.11, 7.11, 7.11, 7.11, 7.11, 7.11, 7.1, 7.11, 7.11, 7.1, 7.1, 7.09, 7.1, 7.09, 7.08, 7.07, 7.07, 7.07, 7.06, 7.07, 7.06, 7.06, 7.05, 7.05, 7.07, 7.07, 7.06, 7.05, 7.05, 7.06, 7.07, 7.07, 7.06, 7.08, 7.08, 7.08, 7.08, 7.09, 7.09, 7.09, 7.09, 7.08, 7.08, 7.08, 7.08, 7.07, 7.07, 7.07, 7.07, 7.07, 7.07, 7.07, 7.08, 7.07, 7.06, 7.06, 7.05, 7.05, 7.04, 7.04, 7.04, 7.05, 7.05, 7.05, 7.05, 7.04, 7.04, 7.04, 7.04, 7.04, 7.04, 7.04, 7.04, 7.03, 7.03, 7.04, 7.04, 7.03, 7.03, 7.03, 7.03, 7.03, 7.03, 7.03, 7.03, 7.03, 7.03, 7.03, 7.03, 7.03, 7.03, 7.03, 7.04, 7.04, 7.04, 7.04, 7.04, 7.04, 7.04, 7.04, 7.04, 7.04, 7.04, 7.05, 7.05, 7.05, 7.05, 7.05, 7.05, 7.05, 7.05, 7.05, 7.05, 7.05, 7.05, 7.05, 7.05, 7.05, 7.06, 7.06, 7.06, 7.06, 7.06, 7.06, 7.06, 7.06, 7.06, 7.06, 7.06, 7.06, 7.06, 7.06, 7.06, 7.06, 7.05, 7.05, 7.05, 7.06, 7.06, 7.06, 7.06, 7.06, 7.05, 7.06, 7.06, 7.06, 7.06, 7.05, 7.05, 7.05, 7.05, 7.06, 7.06, 7.06, 7.06, 7.06, 7.06, 7.06, 7.06, 7.05, 7.06, 7.06, 7.06, 7.06, 7.06, 7.06, 7.06, 7.06, 7.06, 7.06, 7.06, 7.06, 
TIME: 509.5122641370035
---------------------------------------------
TRAINING: ../data/sphere.txt
DATA: 10 coordinates / 0 classes
BUILD: 200 trees / 10 levels deep / 1000 records per tree / 5 records to stop / 5 features per level
RUNNING: 
200/200
ENDED.
RANKING:
[["a7", 147.05859375], ["a0", 136.279296875], ["a8", 130.3984375], ["a5", 106.37109375], ["a9", 103.552734375], ["a6", 99.19140625], ["a4", 98.470703125], ["a3", 93.73046875], ["a2", 81.35546875], ["a1", 76.560546875]]
TESTING: ../data/sphere.txt
1000/1000
ENDED:
RESULTS: 0.41906201012220107 error-margin / out of 1000 test samples
TREES:
17.08, 15.44, 14.33, 14.15, 14.09, 13.6, 13.6, 13.31, 13.22, 13.15, 13.12, 13.16, 13.18, 13.18, 13.22, 13.2, 13.2, 13.22, 13.26, 13.18, 13.17, 13.2, 13.11, 13.07, 13.03, 12.99, 13.02, 12.97, 12.98, 12.99, 13.03, 13.02, 13.03, 13.03, 13.04, 13.02, 13.03, 12.99, 12.96, 12.98, 13.02, 13.06, 13.06, 13.06, 13.02, 13.01, 13.0, 12.99, 12.99, 12.99, 13.02, 13.01, 13.02, 13.01, 13.0, 13.01, 13.02, 13.03, 13.02, 13.02, 13.02, 13.02, 13.05, 13.07, 13.09, 13.09, 13.08, 13.09, 13.08, 13.09, 13.12, 13.13, 13.12, 13.1, 13.11, 13.13, 13.13, 13.15, 13.14, 13.13, 13.1, 13.11, 13.12, 13.13, 13.12, 13.12, 13.13, 13.14, 13.12, 13.12, 13.11, 13.1, 13.1, 13.11, 13.11, 13.13, 13.13, 13.15, 13.16, 13.15, 13.14, 13.14, 13.14, 13.14, 13.16, 13.17, 13.18, 13.18, 13.18, 13.17, 13.18, 13.18, 13.17, 13.18, 13.18, 13.18, 13.18, 13.18, 13.17, 13.19, 13.19, 13.19, 13.19, 13.19, 13.19, 13.19, 13.2, 13.2, 13.21, 13.21, 13.22, 13.22, 13.23, 13.21, 13.22, 13.22, 13.22, 13.23, 13.24, 13.24, 13.25, 13.25, 13.24, 13.23, 13.21, 13.21, 13.21, 13.21, 13.22, 13.21, 13.21, 13.19, 13.19, 13.19, 13.2, 13.19, 13.19, 13.19, 13.18, 13.17, 13.16, 13.16, 13.17, 13.17, 13.17, 13.17, 13.18, 13.18, 13.19, 13.18, 13.18, 13.19, 13.18, 13.18, 13.18, 13.18, 13.18, 13.18, 13.17, 13.18, 13.19, 13.19, 13.2, 13.2, 13.2, 13.21, 13.21, 13.21, 13.22, 13.22, 13.22, 13.22, 13.22, 13.23, 13.23, 13.23, 13.23, 13.24, 13.25, 13.25, 
TIME: 90.39064735300053
---------------------------------------------
