➜  2015fall_bi_ex2 git:(master) ✗ ruby main.rb                          
TIME: 3.1719973776489496e-06
---------------------------------------------
TRAINING: ../ex2files/data.txt
DATA: 2 coordinates / 3 classes
BUILD: 200 trees / 10 levels deep / 70 records per tree / 3 records to stop / 2 features per level
RUNNING: 
200/200
ENDED.
TESTING: ../ex2files/data.txt
TESTING: 
3000/3000
ENDED:
RESULTS: 505 errors / out of 3000 test samples
TREES:
845.0, 902.0, 732.0, 634.0, 626.0, 566.0, 581.0, 566.0, 582.0, 549.0, 568.0, 553.0, 545.0, 560.0, 569.0, 550.0, 554.0, 552.0, 557.0, 552.0, 559.0, 553.0, 555.0, 555.0, 556.0, 558.0, 565.0, 545.0, 546.0, 535.0, 539.0, 531.0, 531.0, 522.0, 534.0, 528.0, 532.0, 517.0, 524.0, 515.0, 508.0, 505.0, 521.0, 500.0, 505.0, 500.0, 509.0, 511.0, 522.0, 510.0, 516.0, 509.0, 506.0, 513.0, 510.0, 514.0, 512.0, 514.0, 509.0, 511.0, 512.0, 511.0, 513.0, 510.0, 516.0, 512.0, 517.0, 513.0, 518.0, 514.0, 510.0, 516.0, 513.0, 510.0, 512.0, 511.0, 510.0, 508.0, 512.0, 514.0, 513.0, 514.0, 512.0, 515.0, 512.0, 515.0, 517.0, 517.0, 516.0, 511.0, 515.0, 512.0, 516.0, 516.0, 516.0, 517.0, 520.0, 524.0, 520.0, 520.0, 520.0, 519.0, 518.0, 516.0, 514.0, 512.0, 513.0, 507.0, 509.0, 507.0, 508.0, 507.0, 512.0, 504.0, 506.0, 509.0, 507.0, 509.0, 509.0, 508.0, 508.0, 506.0, 505.0, 505.0, 503.0, 504.0, 505.0, 504.0, 501.0, 505.0, 500.0, 504.0, 502.0, 501.0, 500.0, 504.0, 507.0, 504.0, 502.0, 503.0, 498.0, 504.0, 503.0, 501.0, 502.0, 502.0, 503.0, 503.0, 503.0, 503.0, 502.0, 503.0, 501.0, 501.0, 505.0, 503.0, 508.0, 501.0, 508.0, 505.0, 504.0, 503.0, 504.0, 501.0, 508.0, 502.0, 504.0, 502.0, 505.0, 501.0, 503.0, 501.0, 503.0, 503.0, 504.0, 503.0, 504.0, 501.0, 501.0, 500.0, 500.0, 504.0, 501.0, 500.0, 501.0, 500.0, 500.0, 500.0, 498.0, 499.0, 501.0, 499.0, 496.0, 497.0, 498.0, 503.0, 499.0, 501.0, 498.0, 505.0, 
---------------------------------------------
TRAINING: ../ex2files/forestS.txt
DATA: 49 coordinates / 4 classes
BUILD: 200 trees / 10 levels deep / 70 records per tree / 5 records to stop / 6 features per level
RUNNING: 
200/200
ENDED.
TESTING: ../ex2files/forestS.txt
TESTING: 
5000/5000
ENDED:
RESULTS: 2490 errors / out of 5000 test samples
TREES:
3534.0, 3327.0, 3222.0, 3189.0, 3168.0, 3124.0, 3101.0, 3081.0, 3069.0, 3021.0, 3000.0, 2942.0, 2941.0, 2938.0, 2885.0, 2861.0, 2857.0, 2879.0, 2868.0, 2868.0, 2851.0, 2838.0, 2839.0, 2828.0, 2806.0, 2775.0, 2755.0, 2758.0, 2759.0, 2719.0, 2735.0, 2711.0, 2706.0, 2700.0, 2673.0, 2680.0, 2656.0, 2673.0, 2660.0, 2668.0, 2645.0, 2639.0, 2642.0, 2627.0, 2606.0, 2573.0, 2557.0, 2566.0, 2576.0, 2570.0, 2564.0, 2562.0, 2583.0, 2576.0, 2575.0, 2574.0, 2567.0, 2586.0, 2597.0, 2606.0, 2616.0, 2634.0, 2640.0, 2636.0, 2624.0, 2634.0, 2625.0, 2628.0, 2631.0, 2617.0, 2599.0, 2604.0, 2619.0, 2619.0, 2613.0, 2595.0, 2579.0, 2574.0, 2580.0, 2591.0, 2604.0, 2600.0, 2606.0, 2608.0, 2608.0, 2623.0, 2626.0, 2613.0, 2609.0, 2609.0, 2612.0, 2598.0, 2583.0, 2585.0, 2576.0, 2575.0, 2595.0, 2576.0, 2568.0, 2573.0, 2562.0, 2550.0, 2569.0, 2579.0, 2569.0, 2557.0, 2560.0, 2555.0, 2548.0, 2552.0, 2543.0, 2549.0, 2556.0, 2562.0, 2572.0, 2570.0, 2582.0, 2593.0, 2598.0, 2594.0, 2603.0, 2600.0, 2597.0, 2587.0, 2588.0, 2595.0, 2596.0, 2582.0, 2582.0, 2589.0, 2593.0, 2608.0, 2603.0, 2602.0, 2587.0, 2574.0, 2570.0, 2575.0, 2568.0, 2573.0, 2557.0, 2553.0, 2554.0, 2554.0, 2550.0, 2541.0, 2537.0, 2541.0, 2541.0, 2536.0, 2534.0, 2543.0, 2554.0, 2547.0, 2522.0, 2521.0, 2508.0, 2507.0, 2499.0, 2511.0, 2509.0, 2485.0, 2481.0, 2495.0, 2491.0, 2496.0, 2496.0, 2500.0, 2501.0, 2506.0, 2507.0, 2506.0, 2511.0, 2510.0, 2505.0, 2516.0, 2503.0, 2495.0, 2493.0, 2490.0, 2499.0, 2496.0, 2496.0, 2505.0, 2501.0, 2503.0, 2509.0, 2509.0, 2507.0, 2499.0, 2492.0, 2490.0, 2494.0, 2489.0, 2491.0, 2498.0, 2501.0, 2499.0, 2490.0, 2490.0, 
---------------------------------------------
TRAINING: ../ex2files/forestR.txt
DATA: 14 coordinates / 0 classes
BUILD: 200 trees / 10 levels deep / 70 records per tree / 5 records to stop / 6 features per level
RUNNING: 
200/200
ENDED.
TESTING: ../ex2files/forestR.txt
TESTING: 
5000/5000
ENDED:
RESULTS: 0.0023165637357452583 error-margin / out of 5000 test samples
TREES:
15.75, 13.88, 13.2, 12.69, 12.59, 12.34, 12.19, 12.09, 11.9, 11.9, 11.75, 11.75, 11.71, 11.67, 11.71, 11.59, 11.63, 11.72, 11.73, 11.79, 11.83, 11.86, 11.89, 11.88, 11.84, 11.86, 11.81, 11.74, 11.76, 11.77, 11.74, 11.74, 11.71, 11.76, 11.81, 11.81, 11.8, 11.81, 11.82, 11.86, 11.82, 11.83, 11.86, 11.85, 11.83, 11.81, 11.81, 11.78, 11.8, 11.81, 11.81, 11.85, 11.84, 11.86, 11.85, 11.88, 11.86, 11.87, 11.88, 11.86, 11.86, 11.84, 11.84, 11.85, 11.83, 11.83, 11.85, 11.82, 11.81, 11.82, 11.8, 11.78, 11.83, 11.81, 11.8, 11.79, 11.8, 11.78, 11.77, 11.76, 11.78, 11.77, 11.78, 11.77, 11.77, 11.76, 11.76, 11.75, 11.75, 11.75, 11.74, 11.75, 11.73, 11.71, 11.7, 11.7, 11.7, 11.7, 11.67, 11.67, 11.66, 11.69, 11.69, 11.69, 11.7, 11.7, 11.69, 11.69, 11.69, 11.69, 11.68, 11.69, 11.69, 11.68, 11.69, 11.68, 11.67, 11.67, 11.65, 11.64, 11.64, 11.64, 11.64, 11.64, 11.63, 11.63, 11.63, 11.63, 11.65, 11.64, 11.64, 11.64, 11.65, 11.64, 11.64, 11.64, 11.64, 11.63, 11.63, 11.62, 11.62, 11.63, 11.62, 11.61, 11.59, 11.59, 11.58, 11.6, 11.59, 11.59, 11.59, 11.58, 11.57, 11.58, 11.59, 11.59, 11.59, 11.58, 11.59, 11.59, 11.59, 11.59, 11.6, 11.59, 11.58, 11.58, 11.59, 11.59, 11.59, 11.58, 11.58, 11.59, 11.59, 11.59, 11.58, 11.58, 11.58, 11.58, 11.58, 11.58, 11.58, 11.57, 11.57, 11.58, 11.58, 11.57, 11.57, 11.58, 11.59, 11.59, 11.6, 11.6, 11.59, 11.59, 11.59, 11.59, 11.59, 11.58, 11.58, 11.58, 
---------------------------------------------
TRAINING: ../ex2files/sphere.txt
DATA: 10 coordinates / 0 classes
BUILD: 200 trees / 10 levels deep / 70 records per tree / 5 records to stop / 6 features per level
RUNNING: 
200/200
ENDED.
TESTING: ../ex2files/sphere.txt
TESTING: 
1000/1000
ENDED:
RESULTS: 0.017391887258772325 error-margin / out of 1000 test samples
TREES:
26.34, 21.94, 20.53, 19.73, 19.24, 18.78, 18.76, 18.36, 18.01, 17.82, 17.46, 17.44, 17.45, 17.39, 17.34, 17.41, 17.35, 17.31, 17.31, 17.3, 17.26, 17.28, 17.28, 17.22, 17.3, 17.36, 17.42, 17.41, 17.44, 17.38, 17.4, 17.4, 17.39, 17.4, 17.39, 17.39, 17.41, 17.42, 17.4, 17.4, 17.42, 17.45, 17.43, 17.44, 17.41, 17.42, 17.39, 17.38, 17.37, 17.35, 17.34, 17.33, 17.37, 17.39, 17.38, 17.39, 17.38, 17.4, 17.39, 17.39, 17.39, 17.4, 17.41, 17.39, 17.4, 17.39, 17.39, 17.37, 17.35, 17.37, 17.35, 17.33, 17.32, 17.31, 17.3, 17.31, 17.31, 17.32, 17.33, 17.32, 17.3, 17.29, 17.31, 17.3, 17.31, 17.29, 17.28, 17.28, 17.29, 17.31, 17.34, 17.35, 17.34, 17.34, 17.32, 17.34, 17.33, 17.32, 17.32, 17.33, 17.34, 17.36, 17.37, 17.36, 17.37, 17.37, 17.37, 17.38, 17.35, 17.35, 17.35, 17.35, 17.34, 17.35, 17.36, 17.35, 17.37, 17.36, 17.36, 17.34, 17.34, 17.34, 17.33, 17.33, 17.34, 17.35, 17.35, 17.35, 17.33, 17.33, 17.34, 17.33, 17.33, 17.33, 17.32, 17.31, 17.31, 17.32, 17.31, 17.33, 17.34, 17.33, 17.34, 17.34, 17.34, 17.34, 17.33, 17.33, 17.31, 17.32, 17.32, 17.31, 17.32, 17.32, 17.33, 17.33, 17.32, 17.32, 17.33, 17.32, 17.31, 17.32, 17.32, 17.32, 17.32, 17.33, 17.33, 17.34, 17.35, 17.35, 17.36, 17.37, 17.37, 17.36, 17.36, 17.37, 17.38, 17.38, 17.38, 17.38, 17.38, 17.38, 17.39, 17.39, 17.4, 17.4, 17.4, 17.39, 17.39, 17.39, 17.38, 17.39, 17.4, 17.39, 17.39, 17.39, 17.4, 17.39, 17.4, 17.39,