2 3
10.0572 -7.91507 0 
6.90012 2.31171 1 
-9.06528 7.56119 2 
5.85139 3.4043 0 
-6.53332 -2.32951 1 
-7.41588 1.45875 2 
7.77981 -2.25095 0 
11.2641 9.2267 1 
-7.67823 1.67894 2 
6.25992 12.0493 0 
1.48234 4.93268 1 
-5.97774 -2.46255 2 
9.47816 -0.810289 0 
-5.0624 -2.94506 1 
-11.1387 8.26431 2 
8.38265 0.424958 0 
-0.991604 1.71728 1 
-11.3464 8.21176 2 
7.35039 -4.55663 0 
-3.25391 2.61701 1 
-7.2631 -0.0858445 2 
4.70649 17.0863 0 
-1.23249 1.26039 1 
-5.92575 -2.04069 2 
6.8704 1.61084 0 
7.14586 2.26915 1 
-9.72478 7.60039 2 
8.71818 -3.13888 0 
-3.14065 -3.83468 1 
-6.04732 -3.02528 2 
8.72129 -3.75986 0 
0.961292 -1.64033 1 
-9.13658 5.32778 2 
4.7196 11.0828 0 
1.22881 4.61387 1 
-4.34024 -8.63068 2 
5.95147 15.196 0 
0.480654 -0.168506 1 
-8.44111 2.90473 2 
5.63701 5.18968 0 
-11.8041 -6.57597 1 
-9.79644 6.40223 2 
5.65309 9.09585 0 
8.81481 7.66115 1 
-3.97978 -8.02915 2 
7.00482 1.45218 0 
-9.03236 -6.42726 1 
-8.64198 2.26082 2 
7.5471 1.33803 0 
9.48524 5.7352 1 
-5.12234 -3.96974 2 
9.88285 -4.78016 0 
-0.277881 0.0453927 1 
-7.56609 1.01874 2 
10.2927 -8.36731 0 
5.58493 5.57891 1 
-8.78784 4.91226 2 
6.16858 5.57772 0 
0.0360257 1.41336 1 
-8.37025 4.14345 2 
5.76907 6.9601 0 
-9.48697 -9.55169 1 
-4.8553 -7.49498 2 
9.8131 -5.45148 0 
-4.84843 2.62645 1 
-9.77523 5.9349 2 
8.67001 -0.3566 0 
2.97868 2.72371 1 
-10.3976 10.3702 2 
3.80467 13.6833 0 
12.3288 9.1976 1 
-7.95259 2.6398 2 
10.4442 -7.82908 0 
-2.3603 -2.5362 1 
-8.72093 2.55714 2 
6.66438 6.36047 0 
0.987218 -0.922362 1 
-13.3253 15.721 2 
8.25505 1.0489 0 
3.60062 2.49743 1 
-7.0242 -2.3671 2 
6.93663 10.7397 0 
16.8502 16.744 1 
-7.42105 -2.24454 2 
6.63251 -5.69155 0 
-11.1555 -7.37587 1 
-5.29565 -3.49925 2 
6.11929 9.74541 0 
-5.8658 -6.41255 1 
-6.14977 0.16823 2 
7.68619 3.25516 0 
4.15921 2.10047 1 
-6.45982 -3.75237 2 
5.85607 9.1446 0 
5.40422 2.81611 1 
-5.31 -6.77166 2 
5.2452 14.6672 0 
1.25541 -3.85139 1 
-9.67082 5.39255 2 
9.44363 -5.17148 0 
-1.82026 3.86247 1 
-7.32055 0.916306 2 
7.27029 7.00927 0 
-6.66335 -5.86411 1 
-9.11189 1.76557 2 
9.07702 -0.374512 0 
2.62415 5.15381 1 
-10.0617 7.69044 2 
8.74564 -3.31948 0 
-9.09881 -9.92221 1 
-3.15333 -9.68785 2 
10.0464 -2.41441 0 
3.38078 3.70697 1 
-10.4534 7.20678 2 
8.88099 -1.25992 0 
-8.98026 -3.43679 1 
-8.30852 -0.722023 2 
9.26221 -3.6416 0 
-3.62619 -1.61756 1 
-6.03769 -3.74852 2 
8.20616 0.282683 0 
0.186607 -1.80103 1 
-5.57849 -5.26562 2 
9.54563 -3.32285 0 
-1.54011 -0.648421 1 
-5.4385 -6.2427 2 
7.90862 -0.242532 0 
-4.12133 -4.3593 1 
-8.15934 2.32823 2 
7.74739 7.22225 0 
1.21496 2.77623 1 
-8.76291 3.05772 2 
7.0273 4.25291 0 
6.05281 8.0625 1 
-12.044 11.7753 2 
5.25343 3.02948 0 
2.27812 0.624927 1 
-6.31667 -0.00634997 2 
5.22103 12.8028 0 
1.39645 2.6778 1 
-7.2937 -0.626575 2 
9.56684 -4.67426 0 
-3.35678 -1.37459 1 
-6.54993 -1.96742 2 
7.42813 2.86118 0 
1.19334 0.441782 1 
-4.90738 -4.59173 2 
7.48741 1.19461 0 
1.7855 3.36624 1 
-9.05548 3.24188 2 
6.61868 -3.21183 0 
2.18872 3.55763 1 
-8.68288 3.26664 2 
7.31855 2.01118 0 
1.0921 6.71862 1 
-5.77021 -3.9888 2 
7.77989 0.0384125 0 
3.68895 2.88338 1 
-7.55406 1.27082 2 
6.89016 1.44391 0 
6.30925 8.32865 1 
-6.05753 -2.26657 2 
11.0016 -9.03534 0 
10.5943 11.1403 1 
-10.6227 9.78256 2 
6.54305 2.97212 0 
4.03123 4.47727 1 
-11.6066 10.3246 2 
9.57862 1.50178 0 
0.64054 5.28088 1 
-10.5065 8.94125 2 
7.57234 0.947339 0 
0.660696 1.22246 1 
-12.4951 13.2068 2 
7.84412 8.78513 0 
6.88526 4.47081 1 
-8.48664 3.86958 2 
7.61538 -0.531383 0 
-6.31782 -7.55322 1 
-10.7251 7.20073 2 
5.2539 5.50881 0 
-2.65615 -3.19312 1 
-5.86427 -1.83489 2 
7.63246 5.2784 0 
-2.63213 -1.96066 1 
-8.59797 2.43743 2 
9.39432 0.731677 0 
0.701501 -0.405701 1 
-8.72359 5.96779 2 
8.69814 0.822276 0 
-0.701042 0.211074 1 
-10.7146 7.76755 2 
7.23312 7.41926 0 
7.33035 6.57906 1 
-6.74518 -1.01598 2 
6.80278 2.82701 0 
-6.44237 -3.36419 1 
-7.6173 3.29592 2 
7.51486 2.80226 0 
-4.05957 -8.57948 1 
-6.591 -1.43401 2 
6.16489 14.3 0 
-4.79286 -3.19949 1 
-6.29749 -0.567514 2 
7.48264 4.69265 0 
2.01231 -2.41456 1 
-7.60647 -1.63534 2 
5.20209 15.4824 0 
11.8326 12.4895 1 
-8.0572 -0.110952 2 
3.84955 15.0679 0 
-1.80303 -4.72315 1 
-6.59381 0.741169 2 
6.98033 8.94036 0 
-1.12214 -1.96112 1 
-10.9214 10.4482 2 
3.20765 17.7617 0 
-4.21911 -5.97166 1 
-7.41593 0.505937 2 
6.26113 14.9436 0 
5.33641 1.15195 1 
-7.72571 0.803398 2 
8.93042 -1.62929 0 
-4.91241 -4.58136 1 
-5.15174 -2.10173 2 
10.4153 -1.08114 0 
-3.74414 -2.87596 1 
-9.03167 1.7121 2 
8.27989 2.48525 0 
-20.2304 -18.4457 1 
-6.49539 -0.508734 2 
7.27571 11.7726 0 
5.38145 2.44884 1 
-9.77119 5.20987 2 
6.02866 9.24921 0 
0.252845 1.73086 1 
-3.57505 -8.75589 2 
0.850752 25.3747 0 
-9.55851 -7.39542 1 
-6.13714 -2.24308 2 
5.71084 8.82781 0 
2.58769 6.02835 1 
-8.6195 6.16404 2 
7.76652 -0.936924 0 
-1.9015 -2.80662 1 
-6.42029 -2.06433 2 
7.52176 8.79105 0 
-4.42376 -1.44711 1 
-4.79861 -6.58464 2 
8.3473 0.83258 0 
-13.9592 -9.31946 1 
-8.49853 2.63057 2 
11.1488 -8.71499 0 
-5.66928 -7.09644 1 
-6.08857 -1.06534 2 
7.50822 2.69706 0 
-9.13933 -7.98628 1 
-5.94602 -2.06606 2 
6.49278 6.79315 0 
-2.7986 -1.01278 1 
-10.3659 9.3208 2 
6.1122 10.7631 0 
-5.45889 -6.24699 1 
-8.83371 3.52485 2 
7.9603 3.80019 0 
0.70168 1.02219 1 
-7.0412 -1.08925 2 
2.50423 19.7999 0 
-12.592 -9.40611 1 
-13.7977 17.622 2 
6.70598 6.87246 0 
-8.34001 -9.56997 1 
-8.8781 5.27553 2 
6.08013 14.8785 0 
4.32314 1.13227 1 
-6.91958 -0.505428 2 
6.56347 7.28682 0 
-0.268233 -2.38395 1 
-9.04152 2.53273 2 
8.18902 1.49972 0 
-7.05352 -6.99146 1 
-5.84426 -1.75058 2 
6.34682 6.62616 0 
1.5625 1.6072 1 
-7.70605 1.61954 2 
6.14763 11.6773 0 
-0.375648 -1.47246 1 
-6.40456 -0.194336 2 
6.45449 8.11193 0 
-1.13702 -5.96913 1 
-7.49079 2.54318 2 
6.88994 7.36875 0 
9.26883 5.2016 1 
-5.5998 -2.95393 2 
6.49128 11.5143 0 
-0.204846 -0.0582447 1 
-5.74772 -4.69779 2 
7.99228 4.65677 0 
-2.45236 -3.83527 1 
-8.68685 2.78066 2 
8.84111 -8.28857 0 
-4.06228 -1.14453 1 
-6.26241 -2.76988 2 
3.18784 19.1778 0 
1.08631 2.55969 1 
-6.58843 0.177137 2 
8.77557 2.72663 0 
-0.444967 -0.737839 1 
-5.15846 -5.27146 2 
8.88284 -0.257373 0 
-1.25111 -4.37691 1 
-9.19268 4.89989 2 
8.21525 -1.41931 0 
0.0931567 -2.95901 1 
-8.92327 3.12742 2 
9.22606 -5.68548 0 
-7.55565 -6.28248 1 
-6.09256 -3.17839 2 
10.2565 -4.62613 0 
4.82963 1.38269 1 
-8.03141 3.36004 2 
9.87006 -6.08041 0 
-7.31779 -3.94606 1 
-7.58252 -0.328251 2 
9.48683 -0.0668148 0 
-2.10098 -5.50776 1 
-3.79489 -8.5414 2 
5.73286 14.6816 0 
-7.57171 -3.91847 1 
-8.80747 3.04688 2 
6.41425 10.2538 0 
0.94305 2.72704 1 
-8.60199 3.84152 2 
8.65632 -0.572915 0 
3.40156 0.0168528 1 
-9.24607 4.65197 2 
8.62127 -1.2883 0 
9.55731 9.52854 1 
-9.37729 4.96751 2 
4.98957 8.95065 0 
0.964874 2.05721 1 
-12.6713 12.3681 2 
3.68002 15.2304 0 
8.13771 8.66495 1 
-7.17713 -0.987797 2 
3.67642 25.1025 0 
8.98428 7.08515 1 
-6.07204 -4.0432 2 
9.5613 -5.16728 0 
13.2111 9.93105 1 
-5.41918 -3.14246 2 
6.29156 5.06862 0 
6.08608 9.98898 1 
-8.45278 2.82943 2 
8.71842 -0.665207 0 
0.0810841 -4.38566 1 
-12.122 13.7749 2 
6.56905 9.6375 0 
-11.2789 -10.8358 1 
-5.24192 -5.09717 2 
3.46775 12.8828 0 
-9.66983 -8.40445 1 
-5.70589 -0.258578 2 
4.80383 9.22354 0 
-4.66546 4.26786 1 
-5.89373 -4.35479 2 
11.0346 -5.55139 0 
-9.09589 -9.36921 1 
-9.24553 2.44792 2 
0.704703 26.4135 0 
5.79273 6.59805 1 
-11.5861 11.3212 2 
3.24376 14.4783 0 
-9.02136 -3.55548 1 
-9.32374 4.56826 2 
6.32432 11.5091 0 
-4.83222 -5.08845 1 
-8.29645 5.18841 2 
5.79608 8.44659 0 
-0.152258 -1.36748 1 
-8.42339 3.44933 2 
8.4817 3.43614 0 
-3.71874 -7.6658 1 
-9.21702 5.13651 2 
5.17253 11.9443 0 
-8.16602 -7.54279 1 
-6.46319 -2.2693 2 
8.66742 -3.13782 0 
0.707054 1.83563 1 
-7.8534 1.741 2 
3.59215 13.3113 0 
-6.29271 -7.45025 1 
-3.42948 -8.17175 2 
6.25199 5.55353 0 
6.12352 2.58261 1 
-6.00188 -4.39536 2 
8.67413 -0.878427 0 
-6.05097 -4.32016 1 
-6.69771 -0.764736 2 
5.63416 10.6632 0 
3.82527 2.16039 1 
-11.434 11.3434 2 
5.85629 14.0912 0 
-0.610924 -0.548001 1 
-7.4473 1.543 2 
7.08941 8.48156 0 
-3.67388 -1.77884 1 
-12.9163 13.412 2 
4.9844 5.72947 0 
-7.97257 -4.92011 1 
-6.41494 -2.67887 2 
7.51458 3.40768 0 
3.45443 4.52537 1 
-5.12272 -3.24868 2 
7.11123 11.2906 0 
-8.37434 -4.52888 1 
-7.24882 -0.987376 2 
11.0146 -11.0138 0 
1.47417 4.21871 1 
-9.26713 5.5605 2 
10.3335 -2.79478 0 
2.65696 0.399325 1 
-9.10597 3.90571 2 
5.45447 11.772 0 
-1.7825 1.50349 1 
-4.00812 -9.54922 2 
8.37796 2.30379 0 
1.19142 3.25465 1 
-8.51897 3.65435 2 
5.51612 20.8145 0 
-1.25562 0.751559 1 
-6.75843 1.1186 2 
3.83435 23.9477 0 
6.47248 8.48757 1 
-10.9105 11.3926 2 
10.3982 0.606118 0 
-5.02729 -0.244899 1 
-10.018 6.22576 2 
6.58757 3.49854 0 
10.4968 8.59107 1 
-6.40916 -1.17712 2 
5.62964 14.1203 0 
-5.15396 -3.51598 1 
-5.31797 -4.58403 2 
7.45252 10.3327 0 
0.909564 -0.142756 1 
-8.00281 2.23121 2 
5.72558 9.49306 0 
-0.398294 2.04866 1 
-7.70391 2.87535 2 
5.86952 5.46456 0 
-7.40855 -5.26377 1 
-5.31676 -3.00215 2 
6.6364 8.68767 0 
-7.78701 -2.56887 1 
-13.1445 10.9853 2 
9.48713 -7.27741 0 
5.01425 5.4764 1 
-9.99566 8.55605 2 
7.8856 -1.27044 0 
-0.577194 -4.74963 1 
-5.77946 -4.76719 2 
11.8594 -6.66947 0 
-5.98124 -2.60803 1 
-8.00463 0.974229 2 
7.97401 -1.07396 0 
-0.268462 1.08601 1 
-7.08723 -0.144989 2 
10.7364 -3.49883 0 
-10.301 -9.38779 1 
-6.73792 0.241627 2 
11.03 -6.64202 0 
-2.99362 -0.442158 1 
-3.44232 -9.65015 2 
8.72853 0.0986024 0 
-0.413498 0.261176 1 
-8.52144 3.94806 2 
8.48446 3.52054 0 
-10.2572 -2.87653 1 
-6.81025 -1.7193 2 
5.51649 15.4379 0 
-9.79401 -10.3619 1 
-5.18034 -5.81132 2 
7.5869 -3.22141 0 
0.837556 -2.56544 1 
-1.63361 -14.3079 2 
6.00946 11.2398 0 
0.178906 0.220158 1 
-8.69076 4.8784 2 
7.04833 6.6775 0 
-12.8127 -8.47927 1 
-9.0553 4.59576 2 
3.55766 21.427 0 
-0.452682 3.2009 1 
-7.56636 0.0389328 2 
8.06939 3.73159 0 
14.9914 11.5608 1 
-6.29569 -0.946345 2 
5.19726 17.2337 0 
-6.13727 -3.4939 1 
-6.54507 -1.08299 2 
8.31131 3.91398 0 
3.51162 -0.0174951 1 
-9.74717 5.42163 2 
5.47717 13.5405 0 
-2.10864 -0.996875 1 
-9.77107 8.29243 2 
7.78843 -5.88658 0 
3.73764 3.97828 1 
-13.0392 13.9975 2 
5.89999 8.4575 0 
-12.3442 -11.9356 1 
-9.29259 6.11832 2 
8.00194 -0.737812 0 
-4.45959 1.11868 1 
-6.83305 -0.496211 2 
5.25823 14.4567 0 
3.49494 3.67216 1 
-10.9522 8.16464 2 
9.94699 -8.57384 0 
-2.28971 -1.84397 1 
-6.93137 -0.264379 2 
6.17988 10.8419 0 
-5.46653 -3.18166 1 
-4.50007 -7.14531 2 
11.363 -10.324 0 
6.8927 8.8227 1 
-7.48438 0.197348 2 
4.63548 15.5091 0 
2.35909 1.27919 1 
-9.17459 4.20736 2 
9.7987 -5.86224 0 
-4.9385 0.856249 1 
-9.96629 6.05656 2 
5.94705 4.94722 0 
1.03059 3.28691 1 
-6.66181 -0.632674 2 
6.75155 1.903 0 
-6.65063 -4.40076 1 
-7.65466 0.0875023 2 
9.49658 -1.7808 0 
-10.5454 -4.40071 1 
-9.02373 6.22216 2 
10.7197 -4.89794 0 
-4.69621 -6.43907 1 
-6.13969 -1.70019 2 
7.43206 0.357223 0 
6.51974 3.65845 1 
-0.492619 -17.8595 2 
7.4576 6.99641 0 
0.531854 0.612054 1 
-10.9645 10.8702 2 
10.695 -13.2778 0 
8.31668 4.68468 1 
-6.17205 -3.58794 2 
5.7003 12.6384 0 
3.9766 -1.78963 1 
-5.17312 -4.59146 2 
3.69869 14.0478 0 
1.87235 3.45766 1 
-9.64271 6.24324 2 
10.2466 -0.962256 0 
-7.39172 -6.54254 1 
-11.3545 8.69287 2 
6.90393 6.00075 0 
3.10479 1.02011 1 
-7.99788 1.69057 2 
4.65071 12.198 0 
-0.444888 -6.02206 1 
-5.19659 -4.13948 2 
11.9733 -4.56207 0 
0.580075 -2.83322 1 
-9.87102 6.26321 2 
7.96435 -0.439817 0 
4.3318 1.86035 1 
-9.28875 6.25563 2 
6.04719 3.98132 0 
5.0093 6.96479 1 
-8.15611 2.76323 2 
4.71107 16.1106 0 
0.221195 1.64806 1 
-12.0596 10.8162 2 
5.69762 13.0287 0 
6.83504 7.04689 1 
-6.9308 -1.66283 2 
9.44424 2.48287 0 
6.31184 -0.776492 1 
-10.1412 10.3356 2 
7.24067 -4.3527 0 
-0.495796 0.73592 1 
-13.3554 13.851 2 
11.8856 -7.68444 0 
0.366062 7.42699 1 
-4.58533 -4.90561 2 
9.06046 0.233756 0 
0.144058 -1.43133 1 
-6.76186 -1.41493 2 
9.44714 -2.23237 0 
-0.872213 0.524185 1 
-5.88666 -2.50978 2 
6.89 5.16869 0 
-4.08882 -7.85229 1 
-8.69324 4.85638 2 
6.39271 8.23146 0 
3.44607 2.84466 1 
-8.72891 2.7135 2 
7.10413 7.25474 0 
1.72606 -2.65853 1 
-5.55887 -5.58027 2 
3.90029 16.3533 0 
-12.4759 -6.79351 1 
-11.8186 10.3079 2 
8.20249 2.10921 0 
0.46159 0.280899 1 
-10.014 6.0119 2 
10.1446 -8.82856 0 
5.99106 9.62514 1 
-7.75362 0.0472457 2 
6.50113 9.86663 0 
-0.0849022 -3.73738 1 
-8.83338 3.10482 2 
7.33631 -4.27158 0 
-9.31413 -4.36755 1 
-8.13459 2.27423 2 
3.3856 17.5252 0 
1.73095 2.30357 1 
-2.19377 -9.99971 2 
8.17348 1.27276 0 
8.94361 7.24907 1 
-7.6041 0.471679 2 
5.44698 7.80291 0 
-1.65458 -2.86284 1 
-6.21315 -4.25732 2 
7.64155 0.973297 0 
-4.89947 0.179093 1 
-7.46093 0.441325 2 
6.70846 3.2124 0 
-0.583635 -1.85077 1 
-9.83873 7.74685 2 
7.66618 2.25755 0 
2.24194 4.3827 1 
-5.85949 -3.15716 2 
5.80165 5.9118 0 
-0.522506 0.355078 1 
-4.46965 -6.52924 2 
8.4513 -2.69474 0 
7.45683 5.69801 1 
-10.2826 7.11935 2 
7.63432 6.79525 0 
2.49854 4.55701 1 
-3.56564 -9.48267 2 
6.25924 8.21158 0 
2.31501 0.860718 1 
-8.12499 1.70598 2 
7.59679 3.09697 0 
-2.34653 -4.69357 1 
-7.96778 2.27915 2 
5.7405 8.36435 0 
2.22884 -2.38664 1 
-7.83007 2.74895 2 
8.77851 3.42267 0 
-1.64995 0.157328 1 
-12.974 15.7597 2 
6.40788 6.87962 0 
-3.64889 -0.963153 1 
-6.41156 -0.575129 2 
5.46414 4.82927 0 
-0.168802 2.31166 1 
-7.12194 -0.761683 2 
10.3161 -9.33012 0 
-2.80609 0.233348 1 
-9.95755 7.28448 2 
6.75982 8.65179 0 
-2.56563 -3.01883 1 
-5.63772 -2.24256 2 
7.2721 -0.693266 0 
0.522494 2.2862 1 
-6.61609 -2.39108 2 
6.69741 2.66835 0 
8.39195 8.35293 1 
-10.2894 10.1225 2 
3.41194 9.72598 0 
5.32179 6.90498 1 
-7.3015 0.524598 2 
5.5881 7.10447 0 
-10.5874 -8.80817 1 
-3.92018 -10.0353 2 
6.6502 10.8339 0 
-5.60953 0.582154 1 
-9.66276 6.83822 2 
4.14978 7.40499 0 
-1.09471 1.24734 1 
-7.75676 2.67591 2 
4.71684 11.0794 0 
-2.58267 -6.46659 1 
-10.431 8.82899 2 
7.0035 2.46153 0 
3.79669 5.90109 1 
-10.3971 7.49479 2 
7.63863 0.393013 0 
4.82844 3.37312 1 
-6.28015 -1.74522 2 
5.92832 13.7425 0 
5.04041 5.3982 1 
-5.20738 -6.6748 2 
6.65922 4.55934 0 
-12.14 -6.47045 1 
-7.62516 1.2104 2 
9.16891 -5.9667 0 
0.80336 1.75195 1 
-10.9092 8.55442 2 
6.99034 6.84956 0 
4.73212 6.39443 1 
-9.27979 5.50029 2 
4.93685 9.34035 0 
-11.9259 -12.3773 1 
-10.991 9.18758 2 
7.52846 0.77374 0 
2.98407 2.50385 1 
-5.57719 -0.846149 2 
8.74082 2.9853 0 
-8.69846 -7.56243 1 
-9.7013 6.2538 2 
2.45545 17.2594 0 
3.34731 3.39275 1 
-2.42166 -11.7375 2 
5.56618 14.5151 0 
3.20009 4.74749 1 
-8.60131 2.38175 2 
4.876 15.657 0 
-14.224 -9.58744 1 
-5.4022 -4.66469 2 
7.66466 2.49606 0 
-6.86893 -3.19735 1 
-8.64938 3.27544 2 
7.27883 4.62548 0 
-0.822155 -5.22722 1 
-8.86689 1.47424 2 
8.86721 2.07992 0 
-6.52235 -3.74728 1 
-3.96213 -11.1011 2 
9.68832 -5.75159 0 
-6.35773 -1.03433 1 
-9.28541 3.31928 2 
5.13592 11.5053 0 
4.79727 2.22157 1 
-8.30997 3.40901 2 
8.18481 -4.61862 0 
14.2913 9.46466 1 
-9.85117 2.48633 2 
6.94631 4.07371 0 
2.12568 -1.75874 1 
-8.19649 2.81117 2 
3.59673 20.4216 0 
0.699597 0.201275 1 
-8.47286 4.82301 2 
7.98997 1.30406 0 
1.76764 2.69298 1 
-8.42242 5.98705 2 
6.11809 10.7011 0 
0.136557 -2.07187 1 
-10.6271 7.71351 2 
5.95973 15.1288 0 
-5.79079 -1.0816 1 
-6.32311 -0.498811 2 
6.68457 11.3539 0 
1.63377 5.54487 1 
-10.5537 10.4994 2 
10.3972 -11.3959 0 
-3.16605 -5.35617 1 
-11.4628 10.123 2 
8.21954 -6.51945 0 
2.41932 1.10714 1 
-7.45651 0.621722 2 
7.24391 -1.52672 0 
3.96308 1.76433 1 
-7.06271 -2.39739 2 
5.08026 7.97936 0 
-4.55862 -1.50898 1 
-8.38356 0.502436 2 
8.86236 -2.09009 0 
-7.24029 -5.71812 1 
-7.38873 3.04126 2 
8.63536 -0.382435 0 
-7.50869 -8.63411 1 
-9.02523 3.92754 2 
5.95915 5.87282 0 
3.05773 4.51901 1 
-8.13544 2.96822 2 
4.48925 12.4669 0 
6.63817 8.86428 1 
-5.60962 -4.18882 2 
4.55576 18.8818 0 
2.47264 3.56673 1 
-11.0039 8.98269 2 
6.11765 7.84569 0 
-2.53748 -1.07661 1 
-8.81094 4.1071 2 
5.75522 7.75371 0 
-6.32781 -6.69721 1 
-6.98883 -0.625866 2 
8.63531 -0.949803 0 
2.73374 4.48985 1 
-6.04975 -2.5408 2 
7.21542 -2.00837 0 
7.64086 10.1986 1 
-10.0743 5.63198 2 
8.40367 1.59497 0 
-7.1714 -2.93992 1 
-6.98372 -1.04431 2 
6.55179 8.65928 0 
-0.664227 3.18645 1 
-10.0195 8.82769 2 
7.08686 7.08101 0 
2.95563 2.89753 1 
-8.15105 1.60008 2 
5.067 7.59628 0 
-13.3596 -11.1017 1 
-5.74975 -5.41208 2 
8.78896 -1.19572 0 
1.44094 -2.81765 1 
-5.57383 -4.87011 2 
5.76558 6.31882 0 
1.60161 0.840815 1 
-0.977652 -14.798 2 
9.19437 -3.92299 0 
-6.17378 -5.90842 1 
-7.80586 2.8254 2 
6.179 6.19834 0 
-0.230277 -2.81816 1 
-10.0033 8.44674 2 
9.66477 -5.14946 0 
2.9597 1.84832 1 
-7.37286 3.45581 2 
2.77232 24.7119 0 
1.15623 1.57979 1 
-8.75482 1.8932 2 
5.06488 10.6387 0 
-0.378085 -4.64181 1 
-8.15329 2.51464 2 
6.61307 12.174 0 
9.92912 1.63025 1 
-8.90172 4.03984 2 
9.71465 -1.26659 0 
8.27818 7.23078 1 
-8.49748 2.09394 2 
2.77987 24.907 0 
-0.972228 -2.02077 1 
-8.18402 1.96274 2 
4.49419 7.2535 0 
5.90057 4.34615 1 
-8.08914 0.497179 2 
8.37837 1.02671 0 
2.53211 2.42892 1 
-5.68378 -5.19404 2 
7.29776 0.633445 0 
3.17571 4.27738 1 
-8.06878 -0.195126 2 
9.8507 -0.881444 0 
1.40521 0.78981 1 
-10.878 7.73435 2 
8.98361 0.138761 0 
0.309273 -1.33621 1 
-10.9308 7.46242 2 
8.67097 -7.6317 0 
0.843034 -4.85442 1 
-7.64766 1.52972 2 
8.37606 -4.84727 0 
-7.24382 -2.88821 1 
-14.2192 17.9287 2 
9.44379 -6.3082 0 
-0.579142 2.586 1 
-8.05496 1.44121 2 
6.25259 13.4439 0 
2.66923 -2.09921 1 
-4.97802 -4.25298 2 
3.04256 19.7932 0 
3.73298 5.48289 1 
-6.69605 -1.58735 2 
9.21376 -6.75611 0 
-5.08178 2.58242 1 
-4.51347 -5.06205 2 
7.86939 3.43421 0 
6.24275 1.71937 1 
-8.04057 2.25854 2 
6.45859 8.64743 0 
-4.10657 -6.87858 1 
-7.8779 2.02903 2 
7.47305 0.169093 0 
-1.21967 -2.80096 1 
-5.62457 -3.89896 2 
7.11842 6.64328 0 
5.71119 0.139115 1 
-4.31805 -8.00275 2 
7.20795 8.31322 0 
11.1543 8.66182 1 
-9.32016 4.92622 2 
8.19295 -0.207188 0 
-8.47725 -6.59096 1 
-5.92 -3.30149 2 
12.4065 -10.1386 0 
-4.90884 0.449336 1 
-5.31338 -3.89256 2 
6.99654 -2.47935 0 
4.58561 8.05229 1 
-10.8649 7.0812 2 
8.71253 -0.599943 0 
2.7894 -2.15232 1 
-7.26351 -1.6223 2 
8.41812 -5.49352 0 
-1.75036 -2.70908 1 
-4.01209 -7.44824 2 
7.03983 6.40621 0 
-4.31031 -0.88588 1 
-6.92295 -1.50753 2 
5.93063 0.648971 0 
3.42206 -5.40513 1 
-7.74407 0.66788 2 
9.81947 0.106739 0 
-1.22014 0.583099 1 
-8.22261 -3.36316 2 
7.82534 -1.20511 0 
-3.3901 2.17244 1 
-9.82771 7.44998 2 
8.38363 -1.09245 0 
-7.51179 -1.76913 1 
-4.02543 -5.74833 2 
8.86457 -3.68124 0 
-2.14489 0.292349 1 
-5.88011 -5.54928 2 
7.13101 2.99066 0 
-0.943653 2.75851 1 
-10.9454 8.91312 2 
5.52 11.0376 0 
6.48884 3.96537 1 
-8.74998 4.43802 2 
5.32312 1.91713 0 
-4.01042 -2.13371 1 
-8.02016 2.08092 2 
6.09536 7.54801 0 
-2.75667 -5.23081 1 
-9.13551 3.74509 2 
8.08281 0.294326 0 
-10.2891 -5.59387 1 
-10.6645 7.08234 2 
5.34679 10.1721 0 
6.72512 5.04649 1 
-5.69636 -5.5509 2 
4.16677 17.344 0 
-4.14651 -6.80621 1 
-6.17809 -4.7664 2 
7.48089 7.69414 0 
0.544393 0.237555 1 
-7.54768 0.0171821 2 
8.2588 -1.93792 0 
-1.6034 -3.77572 1 
-4.47954 -8.55135 2 
3.79916 9.72329 0 
-2.29594 -1.95031 1 
-5.36037 -6.72137 2 
12.1203 -6.22432 0 
2.04712 1.68105 1 
-5.22863 -4.10427 2 
8.11033 -3.73044 0 
-0.199036 2.79834 1 
-7.03954 1.22596 2 
8.14749 -3.96195 0 
5.02098 4.82051 1 
-9.4823 5.49597 2 
6.63046 8.50919 0 
-6.47426 -2.45971 1 
-7.66751 0.303131 2 
5.48668 12.2549 0 
1.09258 -1.84585 1 
-5.70568 -2.28118 2 
9.13419 -3.67279 0 
4.0784 -0.536383 1 
-10.0778 8.92815 2 
8.22011 -0.0452024 0 
4.96615 2.57767 1 
-12.4743 11.8619 2 
5.14564 13.4541 0 
5.55965 0.397819 1 
-9.09521 6.4877 2 
5.19981 8.52861 0 
9.14426 5.94724 1 
-7.94832 1.54618 2 
6.18112 13.4455 0 
5.70598 7.51864 1 
-8.77335 4.69325 2 
4.61223 13.1497 0 
3.67046 1.75281 1 
-5.28173 -1.8033 2 
5.85719 4.84843 0 
-1.54505 -1.16025 1 
-9.81375 6.33329 2 
7.17892 4.64739 0 
4.84129 2.88593 1 
-5.49782 -3.791 2 
4.49438 12.1559 0 
3.24666 4.95038 1 
-8.52473 2.54498 2 
9.40325 -5.49185 0 
-3.24575 -2.4879 1 
-7.92716 3.48355 2 
6.73113 4.44945 0 
-6.65147 -3.33537 1 
-6.30337 0.72662 2 
4.88677 13.6202 0 
-6.75984 -4.74405 1 
-7.13723 -0.0793435 2 
8.31296 -0.178143 0 
-6.3403 -4.24986 1 
-9.84894 6.17042 2 
4.75565 8.08535 0 
-0.976723 0.535617 1 
-5.66123 -4.0106 2 
6.49103 10.4219 0 
6.33843 6.37106 1 
-6.81363 0.234423 2 
8.88146 -3.26809 0 
4.39938 5.06262 1 
-10.0506 5.71836 2 
7.78301 -0.0653634 0 
0.02228 1.82957 1 
-6.21111 -4.7369 2 
7.84647 6.87169 0 
-4.52464 -2.12836 1 
-6.66606 -1.59758 2 
4.95969 9.08962 0 
-6.20841 -3.41093 1 
-2.52406 -11.5681 2 
5.07239 12.8072 0 
13.5206 12.656 1 
-6.30814 -2.21022 2 
8.27472 5.1988 0 
-5.46874 -3.25145 1 
-8.28508 6.1924 2 
10.2371 -8.08195 0 
11.2468 10.9598 1 
-7.54138 -0.351592 2 
6.12776 6.79823 0 
1.68255 0.772444 1 
-11.7284 11.5148 2 
7.90305 3.60318 0 
-1.90021 -2.80326 1 
-9.70492 5.62282 2 
9.17542 -5.03102 0 
-6.41478 -6.9564 1 
-8.2503 2.70853 2 
6.15991 2.02322 0 
8.54836 3.7858 1 
-8.48925 2.00704 2 
5.22892 7.81961 0 
-3.06354 -4.37228 1 
-9.83701 6.82892 2 
5.87083 6.27477 0 
4.18619 2.45249 1 
-10.0363 9.4555 2 
7.322 9.92326 0 
7.89018 7.33184 1 
-8.91522 5.00366 2 
7.68503 -1.85116 0 
-11.6031 -8.67971 1 
-7.80378 1.20671 2 
4.86519 12.4357 0 
6.76415 5.10698 1 
-7.75936 1.33103 2 
5.52476 7.95711 0 
-5.05755 -5.06968 1 
-9.40955 6.18611 2 
5.36295 11.3702 0 
3.97933 7.2165 1 
-10.3342 8.81177 2 
7.87132 -0.64397 0 
-2.07321 -2.91567 1 
-5.38524 -4.21001 2 
7.28131 2.50717 0 
-3.30684 -4.28984 1 
-7.17149 -0.168829 2 
5.44403 5.08633 0 
0.801587 0.709925 1 
-9.35037 7.21694 2 
8.82569 1.77272 0 
-0.101402 2.26727 1 
-6.87298 -3.4162 2 
7.71601 -5.15682 0 
-1.31237 -0.274974 1 
-8.86825 2.76309 2 
4.31479 7.76449 0 
-8.42955 -4.7237 1 
-9.52981 6.33009 2 
8.61339 2.02413 0 
-17.9947 -13.0732 1 
-7.67714 2.82852 2 
3.73791 16.4915 0 
6.90609 -2.24766 1 
-4.51031 -6.64256 2 
7.81319 -0.225776 0 
-0.0337506 1.15701 1 
-8.00774 1.28865 2 
7.00076 2.43784 0 
1.1827 2.24053 1 
-9.25272 6.27853 2 
8.75141 -1.86921 0 
5.2021 0.658556 1 
-4.50671 -7.90237 2 
8.27671 1.44215 0 
4.70902 2.67278 1 
-7.98626 1.46379 2 
6.81449 6.72195 0 
-0.71524 0.569341 1 
-9.26788 4.39947 2 
5.76795 12.1566 0 
-13.0497 -14.5396 1 
-6.29775 -2.8173 2 
4.68021 11.0713 0 
3.61986 3.36919 1 
-6.99888 0.287824 2 
4.98537 16.5879 0 
-7.13741 -6.54962 1 
-10.4626 11.8259 2 
6.82893 9.14809 0 
9.66339 3.85814 1 
-9.81204 5.6394 2 
5.93169 7.87454 0 
-4.30924 -7.78868 1 
-5.33492 -4.55097 2 
6.5851 -0.167812 0 
-6.33332 -5.56507 1 
-7.64575 1.39421 2 
10.5462 -4.36019 0 
-11.178 -12.4013 1 
-7.09547 -0.381823 2 
8.91208 2.36556 0 
-3.15627 -1.15585 1 
-8.0798 3.2446 2 
8.29318 -2.35144 0 
3.87594 3.97436 1 
-7.08262 -0.803942 2 
5.59221 13.1284 0 
3.31229 2.76086 1 
-8.2167 4.05537 2 
7.38922 5.84045 0 
10.8231 6.67919 1 
-14.4858 18.3467 2 
7.35615 6.55201 0 
0.104431 1.2565 1 
-8.64453 7.10289 2 
9.28472 4.87648 0 
5.72057 4.8371 1 
-3.80671 -9.04943 2 
7.97124 4.74667 0 
-2.03854 -5.70795 1 
-7.11005 2.04764 2 
7.67762 7.46665 0 
9.81659 5.43793 1 
-5.34356 -4.50035 2 
7.89646 -1.10739 0 
17.3074 16.7151 1 
-9.01767 5.76129 2 
6.94925 10.8864 0 
-0.890947 0.518374 1 
-9.73265 6.50321 2 
5.84832 8.18911 0 
15.0894 9.34137 1 
-8.38652 2.35591 2 
9.48815 -5.39564 0 
9.42024 4.42304 1 
-11.9282 12.2717 2 
6.78444 8.08946 0 
9.055 10.5388 1 
-9.74107 7.10646 2 
3.74732 14.0197 0 
-5.81121 -5.71287 1 
-4.61217 -4.9103 2 
8.33013 4.98063 0 
-9.04286 -6.78362 1 
-8.37972 4.50876 2 
2.87578 16.5991 0 
-4.59202 -5.22292 1 
-6.34186 -1.295 2 
8.97006 -2.92606 0 
4.80491 8.23416 1 
-10.1873 8.97032 2 
3.91149 9.27433 0 
-3.32632 -8.05068 1 
-9.81276 7.12683 2 
9.11925 -3.55124 0 
5.01562 8.81475 1 
-9.61409 4.90072 2 
7.75134 2.66484 0 
-5.08249 -2.59439 1 
-2.87213 -10.5893 2 
6.9344 8.1318 0 
-3.7741 -4.10133 1 
-9.08717 7.97819 2 
7.35938 4.46621 0 
1.81392 0.38977 1 
-8.59859 3.42573 2 
8.10548 1.34237 0 
-5.13904 -2.47022 1 
-9.95079 6.22769 2 
6.73894 6.46976 0 
7.60727 4.82665 1 
-7.11328 -1.42178 2 
10.3981 -7.7095 0 
-10.1873 -11.3279 1 
-3.95401 -9.05108 2 
8.54486 5.69242 0 
-16.8993 -10.921 1 
-5.96358 -3.00023 2 
6.78584 2.94364 0 
6.07231 4.89076 1 
-9.4932 4.50901 2 
7.7231 7.15438 0 
2.64307 1.39683 1 
-10.0283 8.60552 2 
11.1114 -8.65099 0 
-10.0287 -9.65307 1 
-11.3427 9.91544 2 
5.0986 5.4113 0 
1.85197 0.676165 1 
-8.60291 3.26374 2 
5.61487 9.51188 0 
9.39794 5.61961 1 
-13.7687 15.2414 2 
5.37103 9.97941 0 
-4.99195 -7.27205 1 
-5.31779 -1.58508 2 
5.1294 7.02906 0 
8.26971 7.74168 1 
-2.3935 -11.5452 2 
8.50041 -9.39187 0 
9.05671 9.27288 1 
-9.93999 7.36346 2 
6.44454 4.33288 0 
-0.682672 -2.57603 1 
-7.86338 1.74638 2 
5.54465 8.99476 0 
-3.55192 -1.73975 1 
-7.36689 -1.01258 2 
8.74371 5.66874 0 
-9.01103 -5.71369 1 
-8.62151 2.88422 2 
9.77408 -4.80719 0 
0.999138 -0.7961 1 
-4.16147 -3.99179 2 
8.68411 -2.6213 0 
-8.61297 -8.46787 1 
-10.5672 6.01715 2 
6.73025 4.45404 0 
-4.12643 0.102424 1 
-11.5054 10.9743 2 
7.0012 17.9256 0 
5.54673 6.50558 1 
-5.6151 -3.32397 2 
9.1666 -6.16968 0 
-2.46032 -6.01295 1 
-10.1901 5.79947 2 
7.85196 -1.19372 0 
2.58589 5.2701 1 
-6.12854 -1.51406 2 
7.84506 4.28697 0 
6.70487 9.26036 1 
-9.67002 7.07925 2 
7.64565 1.96895 0 
-13.3997 -11.8064 1 
-7.65489 -0.132305 2 
6.1642 8.64447 0 
-3.73363 0.56726 1 
-8.57143 4.5481 2 
4.08811 28.3458 0 
10.8372 10.5104 1 
-9.75625 5.36467 2 
4.82644 14.6188 0 
5.9174 7.47722 1 
-9.27346 6.66525 2 
4.36386 9.31093 0 
-5.43326 -6.12154 1 
-7.74733 -0.514243 2 
5.57848 12.0995 0 
-10.1078 -9.10578 1 
-9.54213 5.95446 2 
6.03771 6.80368 0 
-6.55259 -9.67622 1 
-7.56351 1.77592 2 
8.94976 -1.07922 0 
-12.4337 -13.6509 1 
-8.41965 3.14632 2 
5.07143 6.68858 0 
0.595258 1.30357 1 
-9.1665 5.74715 2 
6.38826 9.73246 0 
11.3509 11.8175 1 
-5.91047 -5.57394 2 
3.50287 12.8986 0 
-5.4167 -6.11048 1 
-7.8481 2.23853 2 
5.35317 10.8293 0 
-1.35766 -0.904277 1 
-7.54908 3.03227 2 
10.125 -6.73354 0 
8.19868 7.31962 1 
-8.69547 2.42445 2 
11.3485 -4.14856 0 
3.7118 3.69625 1 
-6.31686 -3.23592 2 
4.33729 17.3766 0 
-0.354387 2.06816 1 
-9.84419 4.02608 2 
9.53261 -9.45171 0 
8.79268 9.51609 1 
-8.31119 2.99631 2 
6.79528 5.38316 0 
-1.06467 -3.45171 1 
-8.17088 1.21434 2 
6.96337 8.88471 0 
4.46325 2.4995 1 
-8.18323 1.17477 2 
9.51038 -6.76646 0 
-13.9442 -12.4836 1 
-5.1531 -4.08656 2 
9.15254 -3.22568 0 
4.21834 3.70478 1 
-9.16561 5.45123 2 
7.35835 -2.17966 0 
2.25139 -0.926901 1 
-3.16534 -7.80059 2 
9.20255 -4.52488 0 
-0.459879 1.05955 1 
-10.3749 10.1013 2 
8.26451 8.67198 0 
-4.61734 -2.11344 1 
-11.8155 10.9617 2 
8.17103 3.15044 0 
-12.7884 -9.47189 1 
-5.94198 -3.35958 2 
5.80386 11.3619 0 
2.79506 4.52491 1 
-8.03449 1.05047 2 
5.54383 -0.551021 0 
16.7457 14.3195 1 
-3.70217 -5.99694 2 
9.85309 -4.45807 0 
-5.75148 -4.3019 1 
-6.74874 -2.52924 2 
6.31215 6.32411 0 
-1.60899 1.84135 1 
-6.49386 -0.152231 2 
6.03536 13.6561 0 
4.30687 2.19336 1 
-7.45556 -0.495776 2 
9.52477 -0.273139 0 
-4.26928 1.258 1 
-9.50974 3.0496 2 
7.31689 7.7113 0 
-7.82441 -4.77846 1 
-8.15024 1.01553 2 
7.59185 -1.83779 0 
5.48596 4.19824 1 
-3.31935 -10.2473 2 
7.87629 2.04597 0 
0.125093 6.14689 1 
-7.40181 0.605416 2 
5.59963 1.48868 0 
7.6108 3.15619 1 
-8.30184 2.98533 2 
3.3505 15.9441 0 
-5.4795 -3.57088 1 
-10.5129 7.14808 2 
8.30617 -2.74997 0 
-3.09509 -5.27985 1 
-7.56072 -0.706211 2 
5.47517 16.2642 0 
-4.73786 -3.47758 1 
-8.15909 3.64296 2 
6.62853 13.8779 0 
-2.23314 1.2996 1 
-7.55833 -0.346105 2 
7.9766 -5.80882 0 
-2.95577 0.996864 1 
-7.53528 2.95397 2 
4.83706 15.1048 0 
-0.0455057 -2.42201 1 
-10.1571 5.63013 2 
4.46638 18.6052 0 
12.5968 3.6672 1 
-8.92796 2.76457 2 
10.0765 -1.23414 0 
-0.839774 -0.236004 1 
-7.36802 -0.278784 2 
7.26554 4.5126 0 
7.05095 9.83063 1 
-7.69964 1.2921 2 
8.99241 0.381484 0 
-8.30563 -5.98875 1 
-2.33102 -10.5547 2 
5.82433 7.05377 0 
-6.96085 -9.56363 1 
-6.23138 -3.22019 2 
6.62901 7.39555 0 
0.848259 -1.20016 1 
-6.91998 -3.16452 2 
5.20387 12.6387 0 
-4.7368 -4.58125 1 
-7.39972 -0.658517 2 
2.54415 25.5797 0 
-0.307003 -0.948806 1 
-5.13276 -4.88144 2 
5.21283 7.88398 0 
5.39961 0.428328 1 
-6.62347 -1.91615 2 
4.91623 10.1913 0 
-1.0164 0.845578 1 
-11.26 11.3304 2 
9.66929 0.221249 0 
-4.40238 -1.07074 1 
-8.10922 0.47926 2 
4.16183 11.5392 0 
3.30797 3.53623 1 
-4.12559 -6.83309 2 
5.29708 13.0396 0 
1.81045 0.995544 1 
-7.58918 3.55168 2 
8.18873 11.2035 0 
12.9124 16.0614 1 
-6.80637 -0.508699 2 
4.39353 5.52825 0 
6.39279 7.93299 1 
-8.10896 2.5918 2 
8.6129 0.913112 0 
-7.24103 -4.1192 1 
-8.3541 2.17672 2 
8.35773 0.028062 0 
-20.2389 -20.2121 1 
-9.5134 8.58741 2 
7.54794 -1.56197 0 
-1.4147 -2.50275 1 
-6.50396 -0.355224 2 
7.47667 -3.616 0 
3.42619 5.12639 1 
-10.5124 7.06227 2 
8.33956 5.2812 0 
-9.88018 -3.99511 1 
-7.30412 -0.110085 2 
9.80396 -5.43839 0 
-1.08088 5.07263 1 
-9.23261 5.5211 2 
7.90981 -0.101817 0 
-2.52493 -4.25918 1 
-7.89777 1.1654 2 
9.26512 2.65788 0 
-8.8262 -4.21119 1 
-10.5292 6.9947 2 
6.7891 7.10953 0 
-0.4215 0.436493 1 
-6.87499 1.50437 2 
9.31472 0.400872 0 
0.683808 -0.538904 1 
-8.07519 0.638291 2 
7.00138 -6.33961 0 
-1.48217 0.605508 1 
-9.40921 6.05358 2 
6.07507 7.63604 0 
4.85227 5.66972 1 
-8.38161 0.800064 2 
6.1185 13.4975 0 
4.7315 -0.0626734 1 
-8.20876 -0.372234 2 
6.89353 5.28444 0 
-9.02117 -4.46581 1 
-4.76054 -4.63328 2 
8.36196 6.62073 0 
-2.84587 -2.21152 1 
-7.34238 0.047947 2 
10.3175 -2.46242 0 
-0.0906215 1.99451 1 
-7.90094 1.41308 2 
9.06465 -3.49046 0 
1.27936 -0.420392 1 
-4.25001 -6.5167 2 
8.5522 -2.52579 0 
-6.35966 -2.19975 1 
-10.1246 6.09056 2 
6.49847 5.49985 0 
2.68295 4.43386 1 
-6.96471 -2.06261 2 
10.0604 -9.62935 0 
3.69751 6.72126 1 
-7.62757 0.160225 2 
7.4322 16.4047 0 
2.63655 -0.160182 1 
-4.10773 -5.60708 2 
8.73117 -0.0815855 0 
3.67906 -0.800824 1 
-13.0154 12.1729 2 
2.23341 21.971 0 
13.4818 11.353 1 
-5.52524 -3.49559 2 
4.54639 12.0895 0 
-7.16399 -7.63776 1 
-0.386468 -17.0856 2 
6.26598 6.37428 0 
-9.42213 -10.7469 1 
-11.6132 12.7263 2 
7.50183 6.55623 0 
3.47388 0.569979 1 
-10.5953 9.9607 2 
4.38412 11.4352 0 
-1.95438 -2.46888 1 
-5.33858 -2.54124 2 
6.39754 3.07278 0 
3.20464 0.468442 1 
-8.8891 2.18665 2 
7.3781 2.45344 0 
-5.89733 -5.78859 1 
-7.69483 3.85166 2 
7.42642 5.50344 0 
-3.03363 -7.48396 1 
-8.34225 2.16481 2 
5.82521 11.1797 0 
-5.77252 -5.76085 1 
-6.08291 -2.69263 2 
8.65333 2.64411 0 
3.56856 2.39553 1 
-9.88591 6.70093 2 
5.25976 10.2301 0 
-13.6967 -17.1593 1 
-7.2741 -0.678227 2 
7.57037 5.34539 0 
-11.4039 -12.2129 1 
-11.1931 8.48863 2 
9.35774 -3.00884 0 
0.805522 0.87754 1 
-3.18466 -9.73331 2 
4.9375 14.2534 0 
0.158698 2.25625 1 
-4.77764 -4.71857 2 
3.43826 15.1965 0 
5.37404 3.92569 1 
-8.25401 4.12825 2 
8.65504 -0.747594 0 
0.48133 4.21365 1 
-5.05914 -4.08421 2 
4.33982 13.5859 0 
-0.483471 -6.81789 1 
-7.04629 -0.438565 2 
6.46671 6.67834 0 
6.66075 5.78804 1 
-5.4627 -4.84868 2 
7.5897 5.50444 0 
0.692182 1.88416 1 
-10.2189 7.77132 2 
9.52795 -8.62662 0 
4.17413 -0.839706 1 
-9.7419 6.3048 2 
8.53117 1.47136 0 
2.53705 1.39025 1 
-7.51561 0.494661 2 
4.23999 18.5088 0 
-3.57532 -5.69265 1 
-7.75297 1.34235 2 
8.10872 4.96713 0 
3.37587 3.70313 1 
-7.60931 1.80218 2 
8.64759 -3.25754 0 
2.24394 4.21151 1 
-8.38247 3.00072 2 
4.8788 10.1505 0 
-1.24233 -2.8251 1 
-7.82102 1.75324 2 
6.79165 8.27214 0 
8.58535 1.73295 1 
-7.65743 2.7176 2 
7.25051 5.4213 0 
2.90093 -0.893792 1 
-7.95966 4.19057 2 
6.43495 7.49973 0 
2.36414 3.36862 1 
-10.6428 9.0151 2 
9.07367 -2.2175 0 
1.25919 -3.15259 1 
-3.83143 -9.35013 2 
8.72264 -2.63957 0 
5.45736 5.30384 1 
-11.2042 13.4746 2 
5.18922 12.6981 0 
-5.79066 -8.98364 1 
-7.76944 4.35983 2 
3.6157 16.1248 0 
0.456814 -1.31361 1 
-6.61884 -3.59004 2 
3.3798 11.297 0 
-0.406959 -1.14081 1 
-4.3214 -10.1237 2 
6.55979 4.36333 0 
2.74078 3.50049 1 
-5.55738 -3.13956 2 
6.34578 4.92843 0 
-1.13027 -3.96196 1 
-6.25232 -1.04048 2 
7.40942 6.94396 0 
-0.229818 4.8218 1 
-10.01 8.06493 2 
6.55636 9.88049 0 
-3.53859 -4.46639 1 
-9.95511 7.50417 2 
7.91961 -0.186719 0 
12.64 12.4626 1 
-4.67846 -5.9818 2 
3.53443 18.5874 0 
3.42746 3.60425 1 
-8.67573 5.1899 2 
6.45468 14.6799 0 
4.90687 3.70166 1 
-7.68728 0.888772 2 
9.72495 -10.482 0 
10.0173 9.70941 1 
-6.76451 0.287201 2 
5.93374 6.80981 0 
-1.0691 -0.13538 1 
-11.4637 9.35097 2 
5.60677 12.7982 0 
1.14628 2.60883 1 
-10.9621 8.09808 2 
8.19992 10.1841 0 
1.61651 4.72012 1 
-9.44407 5.92011 2 
7.15935 -1.80342 0 
-2.98672 -6.3533 1 
-11.6285 13.6543 2 
9.30181 -12.0387 0 
17.841 14.8921 1 
-8.43934 2.48469 2 
3.56528 16.688 0 
1.44699 4.91301 1 
-6.24045 -2.17638 2 
11.7054 -8.25966 0 
-6.38492 -9.218 1 
-6.52796 -2.43236 2 
7.79366 -1.44646 0 
5.51194 1.8438 1 
-6.54771 -2.01549 2 
6.10185 3.81766 0 
-0.309027 3.80889 1 
-3.75344 -6.20083 2 
8.20824 -4.77547 0 
2.38426 2.52417 1 
-7.04742 -0.664887 2 
5.88382 12.5603 0 
8.9845 3.47028 1 
-6.73962 -1.4349 2 
6.12793 10.1142 0 
-1.05138 3.71377 1 
-9.31111 7.10052 2 
2.97887 25.5695 0 
-5.80885 -4.47976 1 
-7.66174 1.50519 2 
5.93693 9.71844 0 
2.71196 -1.17257 1 
-5.18332 -2.06987 2 
9.26604 -1.00033 0 
-1.81096 -1.8807 1 
-7.46594 0.823922 2 
6.17997 11.125 0 
2.28718 3.60776 1 
-7.4787 0.00920262 2 
6.27493 5.30209 0 
10.3044 7.99489 1 
-8.75053 2.97891 2 
6.39061 5.25609 0 
-9.32301 -10.5855 1 
-6.64733 -1.84828 2 
8.74464 5.06128 0 
-4.77651 -2.97559 1 
-9.40785 7.30933 2 
7.12939 4.24763 0 
7.61825 2.67824 1 
-7.4604 3.49435 2 
7.9239 1.38093 0 
-3.95682 -7.19449 1 
-4.06263 -8.74308 2 
6.21799 10.2248 0 
0.846099 -0.442296 1 
-8.79494 2.68198 2 
10.3754 -1.55302 0 
8.08408 7.19989 1 
-13.0286 13.7072 2 
6.14602 13.5729 0 
-0.505577 0.866318 1 
-12.0621 12.1967 2 
4.46616 20.4622 0 
-7.95769 -6.27185 1 
-12.5963 12.6317 2 
6.32348 3.32273 0 
-8.96757 -9.00041 1 
-6.47177 -0.360531 2 
6.73172 1.64762 0 
0.575099 -6.06398 1 
-6.53428 -1.72574 2 
3.00746 20.8128 0 
9.94801 4.00631 1 
-5.60356 -5.66264 2 
8.98399 -1.99609 0 
0.712379 -5.06774 1 
-10.4794 9.95027 2 
8.28142 11.6573 0 
3.22792 -0.116213 1 
-6.337 -3.22852 2 
4.15935 19.3339 0 
10.0228 8.77923 1 
-7.29818 2.54306 2 
3.20691 16.0036 0 
-12.8652 -13.1263 1 
-9.65143 5.61616 2 
7.27978 8.53171 0 
-3.23192 -6.52205 1 
-10.8511 8.80992 2 
5.79031 15.6296 0 
-5.33252 -6.53806 1 
-7.60485 1.12432 2 
6.07454 1.86259 0 
-7.01075 -4.69589 1 
-5.99404 -3.83603 2 
4.75904 9.96234 0 
9.62136 10.126 1 
-11.6639 13.0884 2 
5.99513 2.08375 0 
1.33263 -0.0707927 1 
-7.93145 1.78785 2 
4.22047 11.1208 0 
2.60159 2.95486 1 
-3.47523 -11.8485 2 
6.35769 6.00776 0 
4.344 2.06423 1 
-8.12595 1.05093 2 
9.87778 -4.48496 0 
3.31479 0.199128 1 
-7.99707 4.47406 2 
6.46746 3.47182 0 
-2.04659 -8.37755 1 
-8.22427 0.113084 2 
4.45392 12.1249 0 
10.9177 8.06242 1 
-6.19334 -2.25621 2 
7.55317 4.34581 0 
-5.89317 -0.267134 1 
-6.66819 0.158808 2 
4.64749 16.7873 0 
-8.02988 -3.22839 1 
-11.5382 12.3455 2 
7.91076 -1.74251 0 
2.90454 -0.150369 1 
-8.75108 4.51624 2 
6.29807 6.51585 0 
0.578326 -0.119518 1 
-6.05524 -3.76963 2 
5.24134 10.1231 0 
-5.66093 -3.75971 1 
-9.5356 4.89225 2 
9.38154 -9.59208 0 
-8.40443 -7.18511 1 
-5.59416 -4.60025 2 
4.81904 6.0054 0 
1.91359 2.91577 1 
-7.46799 1.00041 2 
5.90695 14.5954 0 
7.09781 3.37828 1 
-9.12728 6.09935 2 
8.15214 -3.00562 0 
3.13148 -3.24615 1 
-9.82655 8.35174 2 
4.88629 11.6727 0 
2.81197 2.38005 1 
-5.80583 -4.39203 2 
10.9536 -8.1718 0 
-10.1236 -6.5433 1 
-10.918 8.36555 2 
7.61015 2.64833 0 
1.72736 -1.07852 1 
-5.75542 -3.12565 2 
5.93954 0.584025 0 
1.49084 0.0712805 1 
-10.8403 11.1296 2 
5.86922 15.2877 0 
-3.07475 -2.66558 1 
-10.3402 6.3551 2 
5.767 5.11715 0 
-2.56177 -2.94149 1 
-6.35702 -0.0216895 2 
7.38787 3.46789 0 
1.95426 0.918227 1 
-4.29939 -6.90462 2 
5.06674 5.29744 0 
-2.33001 -5.67524 1 
-5.06562 -6.10828 2 
9.82146 3.73928 0 
3.89551 3.5736 1 
-14.1021 15.8072 2 
4.82691 14.8944 0 
8.93289 8.03351 1 
-8.72433 3.41365 2 
6.25755 15.5355 0 
-1.83344 -0.817123 1 
-7.10727 0.0743568 2 
11.4247 -11.0218 0 
7.11467 5.1989 1 
-11.3538 12.8734 2 
6.82306 6.46435 0 
13.2345 10.644 1 
-8.14506 1.25589 2 
5.63114 11.5169 0 
9.31327 3.9633 1 
-4.55025 -6.07461 2 
5.99304 2.367 0 
-4.15703 -3.14102 1 
-6.99588 -2.62149 2 
4.82189 13.5547 0 
-2.83169 -0.154241 1 
-8.36387 3.68105 2 
7.24026 5.6415 0 
9.44583 5.88905 1 
-5.22073 -6.59857 2 
6.3353 8.82383 0 
10.6173 8.83352 1 
-8.24702 2.82777 2 
7.4011 -0.100533 0 
4.47555 3.52042 1 
-6.35163 0.503148 2 
9.947 -1.89367 0 
0.599137 2.09401 1 
-6.54994 -2.79246 2 
6.29298 10.8058 0 
3.70295 2.33865 1 
-3.98936 -6.34438 2 
9.54512 -2.99509 0 
-6.25385 -2.44082 1 
-7.52677 1.13713 2 
4.58821 13.9309 0 
-0.144635 2.56291 1 
-6.81823 -2.69358 2 
9.61083 -2.83699 0 
12.0184 9.64901 1 
-4.85237 -3.23049 2 
8.48044 -1.74986 0 
0.553578 -4.75238 1 
-7.89062 1.00077 2 
6.13503 3.70128 0 
6.94492 5.13246 1 
-4.67282 -3.7973 2 
6.45487 7.47393 0 
2.00378 2.99673 1 
-11.6282 11.0428 2 
7.59012 2.5838 0 
5.10722 4.72673 1 
-9.43745 5.23546 2 
5.99507 4.51507 0 
10.5809 11.4534 1 
-8.06913 2.12407 2 
7.68178 5.28216 0 
6.74865 5.81996 1 
-3.64285 -10.9749 2 
4.47791 29.9858 0 
-1.69531 0.32143 1 
-10.5462 9.47173 2 
6.10873 7.60301 0 
-5.22553 -1.2593 1 
-7.92967 2.48877 2 
4.21927 15.2659 0 
1.41919 -0.390286 1 
-5.10826 -5.6061 2 
9.50143 -2.43565 0 
-3.58343 -2.05389 1 
-8.91626 5.45447 2 
2.95307 18.2913 0 
-3.349 -6.3764 1 
-8.69195 2.16322 2 
10.8172 -5.23762 0 
-5.87597 -0.843608 1 
-5.5241 -4.28064 2 
9.89333 -13.4788 0 
15.9016 15.7962 1 
-3.67672 -6.79531 2 
8.27376 -2.8689 0 
9.57517 8.0201 1 
-5.03104 -9.19007 2 
7.55462 2.71381 0 
4.50849 5.52793 1 
-8.23987 3.74901 2 
3.96473 16.605 0 
6.39834 4.66499 1 
-3.83009 -8.1117 2 
6.03678 5.10521 0 
5.51664 6.72078 1 
-7.96498 2.13184 2 
7.97302 -0.47763 0 
-4.36652 -2.09136 1 
-7.54778 2.39725 2 
2.4334 22.1423 0 
-2.3414 -3.12642 1 
-10.1894 8.17896 2 
8.22287 3.58234 0 
-11.0011 -14.3281 1 
-6.0202 -2.09162 2 
6.90004 3.69957 0 
6.76587 6.01709 1 
-10.1721 8.02808 2 
8.24278 4.61189 0 
-3.08083 -1.33373 1 
-8.46917 3.87935 2 
10.761 -7.42992 0 
-6.1327 -4.98399 1 
-8.21677 3.60975 2 
6.14545 5.65819 0 
-6.98163 -8.17358 1 
-7.40292 0.376649 2 
6.38654 4.02114 0 
1.91359 1.5378 1 
-6.45203 0.799924 2 
6.07531 10.6035 0 
9.26544 8.29987 1 
-6.03099 -3.68486 2 
7.12046 9.36519 0 
4.28248 2.63801 1 
-11.6296 10.6397 2 
2.87111 19.5543 0 
1.72525 -2.43239 1 
-10.4626 7.88465 2 
2.31579 23.0205 0 
5.65197 6.69069 1 
-7.94731 0.49542 2 
6.36423 7.94795 0 
-4.60115 -6.12078 1 
-8.34018 1.46945 2 
6.63214 2.53531 0 
2.99326 2.69432 1 
-7.97043 0.694682 2 
5.37896 1.84843 0 
7.2582 4.99593 1 
-9.3832 4.9955 2 
6.87653 4.8422 0 
4.70333 6.89655 1 
-4.81173 -6.78085 2 
4.55728 13.8635 0 
-4.61822 -1.68924 1 
-7.32077 -0.404981 2 
6.41907 7.75399 0 
1.15171 -0.344766 1 
-5.54504 -4.90585 2 
7.12711 -5.30005 0 
2.70175 2.28472 1 
-5.87443 -2.49299 2 
8.63968 -0.534891 0 
-8.15081 -4.66536 1 
-7.12646 -0.677099 2 
11.0027 -3.49614 0 
-0.0979727 -1.10154 1 
-7.93293 3.35999 2 
5.05069 14.8201 0 
-7.56765 -4.94078 1 
-9.85031 5.69629 2 
5.48754 4.49375 0 
10.8311 7.37571 1 
-5.0469 -4.86087 2 
9.6378 -3.16216 0 
-13.5183 -14.8881 1 
-8.48508 2.48626 2 
4.92227 9.72151 0 
6.27904 5.09579 1 
-9.62835 8.01511 2 
5.26579 9.10109 0 
-2.73059 -3.54129 1 
-10.3331 7.37616 2 
3.72396 19.1294 0 
6.73012 7.9787 1 
-5.46688 -5.10844 2 
8.059 3.70685 0 
2.70712 3.92226 1 
-8.93318 5.13073 2 
5.54619 7.3703 0 
-3.28289 1.82568 1 
-9.97045 6.86757 2 
6.25941 5.23536 0 
0.679517 0.0608378 1 
-7.83338 0.113348 2 
9.94635 -4.33365 0 
-1.87732 -0.328298 1 
-7.77338 2.75657 2 
6.42056 1.93094 0 
1.81545 3.22076 1 
-9.34696 6.62663 2 
5.23185 4.42975 0 
-11.7945 -8.06668 1 
-10.9807 7.1636 2 
5.93583 3.08683 0 
2.08351 2.60423 1 
-5.9311 -2.32909 2 
8.36786 -4.94971 0 
2.98432 -0.127518 1 
-7.22955 -1.24722 2 
7.68047 -1.14362 0 
-1.75591 1.13229 1 
-5.38405 -4.07564 2 
3.4358 12.7282 0 
5.44238 7.40609 1 
-10.4643 7.35099 2 
6.39642 3.08633 0 
-6.25128 -11.9273 1 
-2.54321 -13.8647 2 
9.5786 -11.2372 0 
1.76153 4.18505 1 
-8.36671 0.127305 2 
9.06523 -3.8484 0 
-5.50847 -3.10085 1 
-7.22257 0.845528 2 
5.65528 5.18745 0 
-14.8863 -7.62556 1 
-8.15265 1.78073 2 
9.14364 0.88371 0 
-0.231606 0.288534 1 
-8.14825 -0.850815 2 
4.08438 16.8436 0 
10.5299 9.96512 1 
-11.8221 11.0012 2 
6.96314 4.40309 0 
3.91339 7.35553 1 
-8.4985 3.9542 2 
3.46027 13.771 0 
-7.18624 -4.43632 1 
-7.70772 2.36972 2 
3.79842 17.7249 0 
3.84327 5.08013 1 
-9.43371 6.06805 2 
7.04215 2.89876 0 
12.1971 9.0551 1 
-9.44931 4.13658 2 
5.61826 13.5899 0 
-1.11647 0.857546 1 
-5.7765 -3.1581 2 
8.37115 4.72813 0 
-1.83403 -2.15423 1 
-6.51227 -0.936017 2 
11.0174 -3.54125 0 
9.22566 6.49331 1 
-6.98983 0.20523 2 
6.35724 13.8018 0 
0.0481306 0.820785 1 
-9.91691 4.26123 2 
7.94461 -4.09618 0 
11.9082 5.3578 1 
-7.95625 2.6627 2 
9.08269 -0.121321 0 
0.860113 2.07967 1 
-6.11194 -2.55381 2 
9.78944 -4.4755 0 
-1.39867 -0.454555 1 
-9.21253 5.21973 2 
4.69785 11.0338 0 
-5.84249 0.417387 1 
-8.18297 2.65834 2 
7.23203 2.9786 0 
4.36009 4.45778 1 
-6.50346 -4.39158 2 
7.18468 0.0272625 0 
-9.80211 -9.6728 1 
-3.9424 -5.90437 2 
9.38468 -5.03413 0 
12.1243 11.5042 1 
-7.65286 -0.622073 2 
5.26039 11.5453 0 
0.452495 1.8425 1 
-5.57065 -3.35848 2 
5.04335 18.3419 0 
4.12769 3.42357 1 
-6.25781 -3.03575 2 
5.87067 4.71526 0 
4.38178 2.18631 1 
-7.46877 0.540321 2 
9.06765 -2.09557 0 
-2.15272 -0.762602 1 
-6.3562 -3.94747 2 
3.86344 17.3327 0 
2.93338 1.09538 1 
-7.43601 2.59996 2 
8.15896 -3.05275 0 
10.7942 3.43884 1 
-7.47063 -0.170859 2 
6.85794 4.97086 0 
-1.60025 -3.21825 1 
-8.41313 2.31917 2 
9.34214 -1.16301 0 
0.567535 2.41944 1 
-8.49138 3.067 2 
7.84938 8.00694 0 
0.362746 -1.89769 1 
-9.52408 4.23016 2 
3.66936 25.7785 0 
0.1278 3.17739 1 
-9.19118 3.90971 2 
3.76702 18.0415 0 
0.489501 0.238041 1 
-8.45209 5.1232 2 
9.94244 -8.62138 0 
-7.0872 -3.57094 1 
-6.82691 -0.89754 2 
9.14111 2.54065 0 
6.97905 2.67344 1 
-9.13347 4.22 2 
5.50305 12.8244 0 
-7.14749 -4.01705 1 
-6.48752 0.878986 2 
9.24105 -8.92114 0 
4.61684 3.6652 1 
-6.29976 -3.26214 2 
7.85735 3.34765 0 
-6.78738 -8.46547 1 
-10.933 6.09308 2 
9.57542 -4.31354 0 
-0.787801 -0.266767 1 
-10.0631 5.89807 2 
7.2775 3.2871 0 
-5.72981 -7.99679 1 
-6.44665 -1.74455 2 
7.4399 -2.4753 0 
-9.05194 -11.1751 1 
-9.63771 7.1556 2 
5.81079 13.1443 0 
-4.80387 -9.42481 1 
-6.93114 -1.43522 2 
4.97416 6.77959 0 
-10.2483 -9.86955 1 
-5.69738 -4.9622 2 
7.77638 10.2783 0 
-6.29382 -0.931599 1 
-9.17513 6.03734 2 
8.03288 1.50354 0 
-8.43612 -1.85285 1 
-6.21349 -1.06319 2 
4.00694 21.2865 0 
-8.20271 -7.76288 1 
-2.84799 -12.3448 2 
8.05924 -4.30574 0 
3.47935 0.999386 1 
-8.01378 0.989804 2 
5.35499 2.41287 0 
-7.34408 -4.15023 1 
-11.5969 9.41051 2 
6.34082 7.21806 0 
-0.810405 -3.85601 1 
-9.50377 6.98052 2 
7.35256 -1.09502 0 
-1.20113 -6.31525 1 
-7.94437 1.01468 2 
7.22249 5.4383 0 
5.07241 0.114014 1 
-7.07226 -0.517275 2 
6.60094 12.2779 0 
-1.78423 1.20985 1 
-9.24473 3.31884 2 
3.53655 17.7926 0 
-7.68299 -6.79109 1 
-8.49348 3.46483 2 
10.2969 -9.59399 0 
3.41509 0.339738 1 
-7.72076 2.80922 2 
6.81496 1.91888 0 
-1.6794 2.03029 1 
-7.70844 0.570196 2 
7.04076 2.25714 0 
3.87626 -0.675391 1 
-7.29422 4.26467 2 
4.34281 17.957 0 
1.47538 5.37254 1 
-10.6711 7.75699 2 
9.45249 -4.83628 0 
-10.6443 -5.75186 1 
-11.4702 11.6904 2 
4.41074 15.6785 0 
-8.77585 -11.8527 1 
-7.07001 -0.0161219 2 
6.2642 12.5436 0 
-0.725856 -1.44734 1 
-10.2475 7.88666 2 
3.49529 8.41788 0 
5.01383 2.91786 1 
-8.88176 3.01489 2 
3.77906 13.1145 0 
0.212399 1.85497 1 
-5.89068 -2.17836 2 
4.393 15.0864 0 
1.878 -3.13865 1 
-5.89509 -4.12242 2 
5.05743 10.2985 0 
-6.93568 -7.24112 1 
-11.3121 10.6704 2 
9.90282 -4.3733 0 
-7.6458 0.551167 1 
-14.8628 18.6418 2 
5.24653 14.4723 0 
-0.70387 0.665529 1 
-8.59212 2.82876 2 
5.52016 11.0045 0 
1.43067 3.5255 1 
-6.54922 -4.04747 2 
4.83231 6.48014 0 
17.5714 16.4009 1 
-7.44799 -0.971308 2 
4.59655 15.9188 0 
1.77723 2.5807 1 
-11.6931 8.64539 2 
4.45379 5.10937 0 
6.04588 2.23717 1 
-7.82306 3.41194 2 
3.50924 24.0526 0 
15.6666 14.9674 1 
-3.60503 -8.60911 2 
9.3638 -1.71566 0 
-7.66403 -12.5813 1 
-9.11808 3.58337 2 
8.79705 -2.93923 0 
4.17447 2.34068 1 
-10.6248 9.42896 2 
9.8609 0.399765 0 
-0.0298019 -5.10591 1 
-6.67596 -0.182599 2 
8.1722 3.98962 0 
9.0699 13.1065 1 
-5.45289 -3.86684 2 
6.71576 -0.636583 0 
-4.57713 -2.15292 1 
-6.5409 -1.55081 2 
8.11936 -1.11959 0 
1.80885 -1.4453 1 
-6.77347 -0.32684 2 
9.08827 -5.19051 0 
-15.0931 -12.1126 1 
-8.72123 4.10384 2 
4.94395 16.4207 0 
5.50415 2.97177 1 
-4.24436 -8.36765 2 
5.16774 12.5335 0 
2.05606 5.58357 1 
-5.19906 -4.1892 2 
7.19502 6.48482 0 
-2.98378 -6.54511 1 
-7.88359 3.10709 2 
8.6132 -4.16144 0 
-0.415788 -0.582245 1 
-7.69831 0.0437351 2 
8.19575 -5.32981 0 
1.95359 7.89773 1 
-5.89424 -4.96309 2 
3.00855 15.114 0 
12.3588 12.1823 1 
-6.98803 0.0206254 2 
6.95337 2.60897 0 
-10.806 -6.9539 1 
-7.8284 -0.356027 2 
11.3582 -3.92359 0 
2.71804 2.55932 1 
-8.1501 2.65587 2 
7.05514 7.8634 0 
0.406949 2.30336 1 
-7.49695 0.431773 2 
6.07154 11.7536 0 
6.66216 8.0685 1 
-11.4293 9.52344 2 
11.4836 -13.7635 0 
12.8228 8.11677 1 
-9.57736 6.7983 2 
7.61446 4.28433 0 
0.259105 0.453861 1 
-5.69945 -5.10751 2 
6.43931 4.13672 0 
-3.63503 -2.79938 1 
-7.86097 0.561922 2 
7.30853 5.41618 0 
2.52411 3.91624 1 
-11.0034 8.33299 2 
8.58287 -4.51914 0 
-0.809203 -0.0510984 1 
-4.15749 -7.23371 2 
9.53832 -8.99519 0 
-5.26889 -5.31961 1 
-2.35793 -14.8543 2 
5.11448 12.239 0 
-1.59682 0.192101 1 
-5.91588 -3.67851 2 
7.62008 0.70315 0 
9.72468 0.313761 1 
-8.79242 4.44232 2 
7.85511 1.74454 0 
-6.85366 -7.66727 1 
-7.13183 2.14537 2 
3.25732 16.6555 0 
-4.4527 -3.2007 1 
-7.77313 2.0647 2 
7.45973 4.01748 0 
-11.1007 -10.6981 1 
-6.56192 -2.2811 2 
4.19982 14.4809 0 
0.54058 4.01092 1 
-11.7752 10.0362 2 
4.97454 13.9397 0 
-0.221742 1.77477 1 
-8.10908 1.81104 2 
4.3179 13.5015 0 
7.11309 3.00472 1 
-4.81428 -4.7924 2 
5.12907 9.71499 0 
-2.29216 -3.932 1 
-12.1419 11.7779 2 
6.41212 9.40845 0 
15.7264 13.2423 1 
-8.32075 2.43107 2 
6.04577 8.8153 0 
-1.2827 -0.742143 1 
-8.52144 2.63399 2 
8.91823 -1.0469 0 
0.165042 0.65417 1 
-9.91329 6.80489 2 
9.77318 -2.88666 0 
4.0745 7.88097 1 
-8.0369 3.10073 2 
5.91796 5.18008 0 
6.42643 3.81241 1 
-3.83874 -7.91577 2 
7.33053 1.3863 0 
3.80074 4.6046 1 
-12.1007 11.4102 2 
12.6074 -14.3156 0 
-8.2706 -4.42554 1 
-9.41872 7.08493 2 
6.49019 2.20378 0 
-8.66213 -7.8026 1 
-9.17702 6.57498 2 
7.70946 14.2037 0 
-3.43954 0.108878 1 
-9.01485 6.12054 2 
8.50213 4.10647 0 
-11.2925 -9.22993 1 
-11.7272 11.0863 2 
4.17332 12.8923 0 
-6.22996 1.25213 1 
-10.3149 9.61219 2 
7.64186 3.48432 0 
12.429 8.775 1 
-6.86593 1.2223 2 
6.72003 8.92563 0 
3.51949 2.40844 1 
-7.69495 1.16719 2 
7.54491 1.13453 0 
2.67008 3.07123 1 
-12.8171 11.7136 2 
6.40131 -4.89777 0 
1.08838 -1.23066 1 
-11.6165 12.4655 2 
6.65641 1.25851 0 
6.73317 5.6873 1 
-11.5143 11.2493 2 
3.25564 15.3016 0 
-1.82949 0.858979 1 
-5.7229 -3.17177 2 
7.21554 1.39546 0 
5.90248 4.2556 1 
-10.1206 7.92011 2 
8.78884 0.0776074 0 
0.912501 0.0853789 1 
-6.81874 0.441048 2 
5.11941 8.90124 0 
5.57836 4.44424 1 
-7.54525 3.84742 2 
5.5328 3.01857 0 
3.67167 4.82738 1 
-11.0764 8.76906 2 
8.02049 2.87038 0 
-0.170204 -1.9785 1 
-6.0548 -3.33935 2 
7.23618 10.2354 0 
-10.6532 -8.87121 1 
-11.0386 9.41902 2 
8.3355 0.754324 0 
0.738756 0.50519 1 
-8.18871 1.18133 2 
8.02082 4.39058 0 
-8.95154 -8.02611 1 
-10.2167 7.99922 2 
10.825 -4.61156 0 
-5.70038 -6.58696 1 
-7.73534 2.46434 2 
7.03218 -0.303314 0 
13.435 14.68 1 
-8.9525 3.12607 2 
10.5484 -5.67466 0 
-5.86779 -6.95367 1 
-10.4396 7.9054 2 
4.80966 14.8608 0 
-1.05883 4.69753 1 
-5.1517 -4.345 2 
8.98621 -5.464 0 
-9.55202 -6.12697 1 
-7.04447 -0.261885 2 
9.33494 -2.94507 0 
-1.42445 1.10248 1 
-5.76575 -4.32575 2 
3.16672 19.3745 0 
0.591025 1.83375 1 
-8.70197 1.49403 2 
8.95952 -3.07796 0 
9.9959 5.48531 1 
-6.99711 -1.65783 2 
9.4141 -3.46355 0 
-14.2017 -15.4769 1 
-8.72143 5.71653 2 
12.3282 -10.9708 0 
-6.98342 -6.47298 1 
-7.19237 1.98262 2 
7.21842 3.44847 0 
0.0773116 1.61309 1 
-8.53406 5.50127 2 
6.03914 5.93514 0 
-4.09541 -3.97433 1 
-5.56465 -4.44536 2 
8.84946 -0.0794085 0 
1.66448 1.81448 1 
-6.89274 0.0759914 2 
4.10279 12.0442 0 
6.79541 4.27978 1 
-10.2091 6.3731 2 
7.45929 -0.158516 0 
-4.53936 -0.509431 1 
-10.2191 8.01818 2 
8.52369 -1.14089 0 
-11.6128 -10.0213 1 
-9.42795 4.68797 2 
8.77618 -2.31081 0 
-2.5765 -5.02894 1 
-3.8974 -8.42328 2 
4.19689 22.3313 0 
7.08627 8.30579 1 
-5.80474 -3.1413 2 
6.20007 7.98161 0 
-8.75018 -5.88069 1 
-10.6292 9.41147 2 
7.26769 8.34063 0 
0.0731781 -1.82224 1 
-11.0281 8.85639 2 
7.33352 -2.81319 0 
5.46331 3.24739 1 
-4.00492 -7.47598 2 
3.84512 12.1237 0 
-2.85644 -2.40875 1 
-6.84175 -1.89753 2 
3.15143 15.7711 0 
-14.7743 -13.4092 1 
-8.31115 1.59 2 
5.74955 10.263 0 
-10.1947 -9.89209 1 
-9.50474 7.53177 2 
4.97482 11.0251 0 
-6.30094 -9.82553 1 
-7.03637 -0.914853 2 
6.67653 0.690902 0 
4.35511 1.57591 1 
-7.24905 1.55018 2 
8.05578 -7.69942 0 
-5.79944 -4.02391 1 
-7.69414 1.18617 2 
7.9493 11.0918 0 
-6.55198 -4.7412 1 
-4.15966 -8.07346 2 
6.33911 11.1855 0 
1.94735 1.79095 1 
-7.06736 1.05179 2 
6.86848 0.246504 0 
5.31787 5.10149 1 
-7.19729 -1.18313 2 
7.24961 3.11122 0 
1.91875 3.21424 1 
-6.2338 0.126088 2 
5.69761 10.1821 0 
-0.0801184 -3.30186 1 
-4.72711 -6.18024 2 
5.0772 12.7851 0 
-11.3883 -11.3257 1 
-9.60965 5.55237 2 
5.14348 12.5907 0 
-3.7382 -4.49853 1 
-9.04992 4.87416 2 
5.84191 10.9429 0 
11.994 14.1965 1 
-7.46372 -0.254732 2 
3.96283 13.6451 0 
-0.931522 -3.09051 1 
-8.18937 2.7833 2 
9.55961 -3.9112 0 
-3.55243 -0.516827 1 
-10.4662 6.82858 2 
4.21131 13.8676 0 
-0.833753 -5.013 1 
-5.13491 -0.889097 2 
7.50444 4.5986 0 
8.39403 11.4615 1 
-2.92497 -10.2146 2 
7.69578 3.74447 0 
4.20177 -1.25829 1 
-10.1162 8.58681 2 
6.50978 8.54813 0 
-8.59174 -2.53128 1 
-8.79408 3.67629 2 
8.02028 -0.312749 0 
-7.74514 -3.18916 1 
-10.9914 10.4262 2 
7.52066 -1.08345 0 
-1.74099 -0.452413 1 
-9.90022 8.15347 2 
8.17289 2.50781 0 
1.73474 1.09898 1 
-6.07281 -3.11736 2 
7.80812 6.11312 0 
14.465 6.61319 1 
-7.04225 -0.639984 2 
10.6156 -4.0719 0 
-7.57042 -4.28986 1 
-12.3594 14.0567 2 
10.0426 -8.6081 0 
4.14356 1.85919 1 
-8.46391 3.7717 2 
5.52191 7.90879 0 
-1.90293 -2.87881 1 
-7.06321 -0.078479 2 
7.13515 3.06833 0 
11.866 7.89212 1 
-12.48 11.2454 2 
7.5812 -0.271008 0 
4.85112 3.61026 1 
-8.94928 3.73274 2 
6.13914 8.18444 0 
0.996763 2.289 1 
-5.38559 -4.31819 2 
6.30473 1.02371 0 
-2.62893 2.45547 1 
-7.59734 2.3694 2 
8.18977 -3.49676 0 
-1.73128 1.52235 1 
-9.1746 3.92636 2 
8.35935 -2.92826 0 
10.6857 8.75218 1 
-9.28608 3.425 2 
8.06407 4.59512 0 
2.1786 3.19527 1 
-7.1459 0.0534559 2 
6.86734 5.73658 0 
-4.11823 -3.31358 1 
-9.59417 4.77545 2 
5.90354 4.77052 0 
-1.18401 2.01883 1 
-9.4424 6.54764 2 
8.61618 2.81045 0 
11.1737 5.4484 1 
-8.00877 2.77714 2 
7.10513 1.641 0 
0.577441 -1.05569 1 
-8.81221 3.45805 2 
6.15312 9.19125 0 
-4.60115 -5.30673 1 
-4.71036 -6.9555 2 
5.05614 12.679 0 
-4.083 -0.459209 1 
-9.61928 7.11926 2 
4.99864 8.5279 0 
7.44052 6.0484 1 
-13.3203 16.2801 2 
8.21266 -1.03133 0 
8.48085 9.33489 1 
-7.83128 -1.14221 2 
8.88543 2.62208 0 
-3.89935 -1.67131 1 
-6.20954 -2.81983 2 
8.39321 -2.97478 0 
-0.113588 -1.20077 1 
-6.56492 1.07372 2 
8.24513 -7.8278 0 
3.1838 2.37045 1 
-10.8945 10.716 2 
2.71404 13.5121 0 
-5.73661 -4.54329 1 
-10.8327 7.98151 2 
8.37512 2.17352 0 
2.48684 1.91942 1 
-2.89762 -9.67501 2 
6.29675 14.5342 0 
2.45074 1.81008 1 
-8.9653 5.41214 2 
5.56286 6.54836 0 
-5.98359 -3.80361 1 
-11.2719 8.62713 2 
6.36521 5.98155 0 
4.83029 6.97353 1 
-8.55237 4.47684 2 
6.20444 13.6055 0 
0.853654 3.45281 1 
-10.0759 7.09965 2 
8.80718 -6.85806 0 
-11.2538 -6.42658 1 
-8.81194 7.07795 2 
7.04311 8.41876 0 
4.06462 -0.696417 1 
-8.72066 3.85979 2 
5.77584 7.94 0 
-1.40796 1.09512 1 
-11.6794 11.0426 2 
2.0187 26.8056 0 
9.19344 9.2 1 
-8.25831 3.62613 2 
9.72817 0.622135 0 
-7.60591 -6.25197 1 
-7.0736 0.861876 2 
8.21848 -3.90097 0 
-5.37965 -3.05621 1 
-5.32136 -4.68146 2 
7.10027 8.3705 0 
-0.894133 -5.04793 1 
-7.81454 0.217117 2 
8.90619 -6.1118 0 
-3.25856 -3.96381 1 
-10.7039 6.34977 2 
3.23576 16.7091 0 
-0.51455 -3.45008 1 
-8.11593 1.74571 2 
5.3326 11.9596 0 
3.64126 0.927823 1 
-9.20084 4.94489 2 
7.32825 1.81522 0 
5.84457 10.582 1 
-9.24611 4.43884 2 
6.44802 8.05571 0 
6.04504 5.39197 1 
-12.0065 13.001 2 
8.93129 -0.807563 0 
-5.46234 -0.484428 1 
-12.1558 11.2252 2 
4.61642 11.2526 0 
-8.17035 -12.2772 1 
-7.2245 -2.01898 2 
4.99756 3.65971 0 
8.78733 5.09674 1 
-3.90807 -8.56791 2 
9.06515 -8.62982 0 
-9.37213 -6.62858 1 
-11.3874 8.17923 2 
4.72036 8.4665 0 
8.75316 8.25196 1 
-6.77564 0.557441 2 
8.28134 -1.16362 0 
4.36487 1.50346 1 
-9.89425 5.0376 2 
7.03066 10.5149 0 
-8.41964 -10.6513 1 
-7.22895 1.28162 2 
5.64914 12.8179 0 
6.4731 8.56264 1 
-12.4873 14.5544 2 
3.0856 19.5627 0 
18.7895 15.5079 1 
-8.98147 3.55483 2 
8.98446 -5.13219 0 
-3.34453 -3.92751 1 
-4.98493 -1.63058 2 
6.62419 4.69747 0 
15.5814 16.8713 1 
-9.6601 5.82198 2 
7.64002 3.07988 0 
9.69837 10.415 1 
-12.511 15.1618 2 
6.75593 3.07417 0 
-5.65358 -8.38668 1 
-7.98974 1.67523 2 
3.83176 17.0463 0 
1.11386 4.15217 1 
-7.35763 0.275871 2 
6.48454 3.2725 0 
-2.65653 -0.27281 1 
-6.79384 0.234866 2 
9.12331 2.16983 0 
-8.18781 -9.3733 1 
-8.20566 2.05583 2 
8.31825 3.07254 0 
0.509691 -1.50947 1 
-10.0282 6.40221 2 
9.49749 -1.95104 0 
-4.38647 -2.62144 1 
-5.91012 -2.71172 2 
8.84508 -4.72549 0 
0.321722 0.337405 1 
-3.54907 -10.9103 2 
6.97736 -2.75269 0 
9.33119 6.47242 1 
-10.4343 8.97291 2 
7.87205 0.61521 0 
1.51882 2.9598 1 
-8.1706 2.87817 2 
6.14369 7.8008 0 
-4.56103 -7.60024 1 
-9.57611 6.28542 2 
6.27443 15.5609 0 
-7.5938 -9.79477 1 
-6.82868 -3.18917 2 
7.29034 9.72459 0 
9.1418 8.4298 1 
-12.3373 14.1739 2 
9.41807 0.673502 0 
1.29674 3.03173 1 
-9.55091 4.03321 2 
3.75572 18.2017 0 
16.1983 11.3983 1 
-8.13738 3.01384 2 
8.2706 8.31719 0 
-6.22438 -2.1092 1 
-7.29444 -0.0223046 2 
5.54141 8.42015 0 
7.43657 3.69008 1 
-8.20163 3.0028 2 
5.82728 16.8323 0 
12.8042 12.5747 1 
-5.91538 -2.88728 2 
6.16492 4.49047 0 
-22.8816 -16.4509 1 
-6.25687 -4.63203 2 
5.35783 10.3533 0 
-5.56247 -3.56738 1 
-8.50045 2.41823 2 
9.37043 -4.51657 0 
-7.32567 -9.14362 1 
-8.18975 1.21258 2 
7.1963 5.59289 0 
-4.21727 1.00978 1 
-6.89422 0.541699 2 
7.64393 8.26428 0 
-15.7297 -11.4206 1 
-7.36596 0.997371 2 
3.95602 11.5658 0 
1.71884 0.132888 1 
-4.27462 -6.00308 2 
5.87685 7.26178 0 
-2.29415 -1.31274 1 
-7.64067 3.74155 2 
8.80763 -5.3601 0 
0.67177 0.425081 1 
-6.58459 -2.3838 2 
5.92387 8.57283 0 
11.9308 9.08039 1 
-6.04043 -3.19046 2 
8.18279 5.91541 0 
6.54268 4.85171 1 
-6.62823 -0.806888 2 
7.09412 2.17648 0 
4.55783 0.836907 1 
-6.44738 -2.10316 2 
6.20906 8.4457 0 
-9.54167 -2.74701 1 
-8.46532 3.39096 2 
7.0472 3.89286 0 
7.01891 -1.12599 1 
-10.4994 8.06358 2 
5.03391 11.5957 0 
-0.148491 -2.7021 1 
-11.2267 7.53355 2 
9.90955 -8.77559 0 
3.45897 0.450306 1 
-7.14003 2.72412 2 
10.5156 -7.15114 0 
6.70337 6.09578 1 
-7.79097 2.01828 2 
4.46885 16.3095 0 
-9.31259 -8.14714 1 
-9.49715 4.26567 2 
7.79874 -4.64984 0 
-2.5662 -4.78844 1 
-14.1181 17.342 2 
7.02524 7.76733 0 
-10.6335 -9.62049 1 
-9.7333 5.01402 2 
5.59349 6.32428 0 
3.75271 3.86814 1 
-7.15598 -1.78581 2 
5.0588 12.7237 0 
-6.25493 -1.31162 1 
-6.82477 -0.994632 2 
8.80552 -3.03038 0 
-9.14662 -8.78364 1 
-10.9797 7.64656 2 
5.78052 5.31711 0 
1.14761 5.64559 1 
-6.43859 -0.709243 2 
6.89652 5.60815 0 
-1.46765 -3.46426 1 
-7.63337 1.72558 2 
6.04951 9.63674 0 
5.63207 1.89098 1 
-6.82048 -1.02628 2 
5.00458 5.75621 0 
2.46206 -3.09853 1 
-8.303 2.25676 2 
6.96994 7.0117 0 
1.34111 2.79329 1 
-11.8291 12.2529 2 
7.32589 8.2574 0 
6.93596 1.31737 1 
-9.43951 6.89667 2 
5.02486 13.5269 0 
-12.3026 -10.7889 1 
-13.0364 13.2748 2 
8.26285 -0.846196 0 
-2.28472 -3.83901 1 
-7.98376 0.497809 2 
7.97115 5.36963 0 
-7.33356 -6.15957 1 
-9.2137 4.5526 2 
8.59779 0.39953 0 
9.72492 8.57239 1 
-7.88438 3.36256 2 
7.84826 -3.1914 0 
-6.68698 -7.31086 1 
-9.4822 4.42764 2 
6.93391 6.62489 0 
8.57998 12.8203 1 
-11.5609 11.45 2 
7.08646 3.97402 0 
3.11981 2.82108 1 
-7.86519 2.40446 2 
5.03797 7.7641 0 
-5.70831 -1.06786 1 
-10.6148 8.67358 2 
5.55931 7.81206 0 
-2.14435 -5.10089 1 
-7.88133 2.77085 2 
6.42141 15.3372 0 
0.339484 1.23903 1 
-6.4106 -3.99732 2 
6.94253 12.4328 0 
12.5377 15.058 1 
-7.81428 1.33295 2 
5.54276 6.05699 0 
10.4387 10.6852 1 
-10.6112 9.87755 2 
7.02953 8.45769 0 
2.00911 0.628681 1 
-9.13721 5.84609 2 
9.89617 -0.282896 0 
0.620237 1.53307 1 
-10.3664 7.83691 2 
4.14736 18.1369 0 
-3.78212 -3.83647 1 
-9.20562 6.88745 2 
9.32255 -8.72912 0 
-5.69999 -9.25775 1 
-9.08252 5.6251 2 
8.95568 -0.0851236 0 
-3.01527 -5.94573 1 
-9.85553 4.93487 2 
7.18083 1.0336 0 
-0.187921 2.24194 1 
-7.18869 -0.678931 2 
8.81227 -2.26217 0 
4.27312 6.0797 1 
-7.12634 1.10302 2 
7.80935 4.73062 0 
-5.72968 -7.2169 1 
-10.5268 10.2611 2 
7.59213 4.31625 0 
-2.53512 -3.47866 1 
-5.55346 -2.81167 2 
6.12167 7.42109 0 
-12.2224 -6.64823 1 
-8.67241 7.00115 2 
9.16278 1.09447 0 
-11.81 -10.6409 1 
-9.42159 5.59827 2 
7.60741 4.5462 0 
-2.91987 -2.4139 1 
-8.22796 2.12002 2 
6.86925 3.76778 0 
-0.832749 -1.0745 1 
-8.33021 3.0446 2 
0.992735 19.3956 0 
-3.54177 -1.28705 1 
-6.425 -5.09754 2 
7.41578 3.0629 0 
5.86764 6.04058 1 
-5.38945 -3.98181 2 
5.36336 7.84031 0 
7.42576 2.3312 1 
-7.18529 0.794388 2 
7.81185 0.396374 0 
3.72617 5.16523 1 
-8.42192 4.71922 2 
9.87399 0.874931 0 
5.98262 4.20031 1 
-11.2534 11.1601 2 
9.02603 -2.14283 0 
11.5888 9.44853 1 
-8.40389 3.77634 2 
6.24406 5.59279 0 
-7.99385 -5.43204 1 
-7.15188 0.946501 2 
5.65255 14.2036 0 
-10.2178 -15.9017 1 
-2.76427 -9.54838 2 
7.10249 9.01671 0 
-6.25904 -8.06781 1 
-11.3408 7.06242 2 
6.43369 9.60179 0 
-9.46362 -13.9781 1 
-7.27465 1.58599 2 
9.53814 -5.59905 0 
0.356789 -4.06097 1 
-6.63537 -2.42056 2 
6.84209 4.85594 0 
2.62547 5.32411 1 
-9.94021 5.0512 2 
8.09461 3.43897 0 
-11.0293 -6.81973 1 
-6.40942 -1.58688 2 
2.56049 27.0835 0 
-4.91956 -2.79525 1 
-6.0667 -2.39234 2 
8.60824 -1.25967 0 
-5.17118 -3.71423 1 
-8.9659 3.65567 2 
6.36901 3.20309 0 
-18.1357 -13.9007 1 
-7.44758 0.333147 2 
4.80278 15.9899 0 
-5.13277 -5.15058 1 
-7.27866 1.66592 2 
5.66692 10.4082 0 
1.3963 3.0993 1 
-11.3777 10.7279 2 
8.098 4.82428 0 
-3.07552 -6.82874 1 
-4.13274 -8.18399 2 
8.92111 -1.04084 0 
4.40276 4.26137 1 
-3.7786 -7.1104 2 
3.97352 13.5684 0 
-1.57601 -5.79152 1 
-8.12319 2.05691 2 
4.40798 16.8922 0 
-5.31859 -10.4289 1 
-8.80894 4.11628 2 
6.39482 7.75902 0 
8.23268 2.07478 1 
-4.04453 -7.1916 2 
8.49811 -6.87973 0 
-9.03471 -9.82917 1 
-5.27119 -3.65067 2 
6.24388 5.25027 0 
14.6938 6.71378 1 
-9.55699 5.25381 2 
9.20217 -3.81022 0 
6.1377 9.40699 1 
-4.81581 -6.42158 2 
7.33323 2.41236 0 
7.60181 4.90151 1 
-9.96865 9.66441 2 
9.47555 -2.64926 0 
5.68545 7.49696 1 
-10.4192 7.54578 2 
7.40544 0.344583 0 
-2.08153 -2.31056 1 
-7.75451 0.116029 2 
5.9835 4.08221 0 
-4.1621 -3.96235 1 
-6.46264 -1.92586 2 
8.04367 5.87671 0 
-1.09978 0.383215 1 
-6.72559 1.75464 2 
9.20069 -5.55568 0 
-5.89084 -8.07246 1 
-7.03942 -0.623807 2 
5.34188 12.4986 0 
-12.435 -10.7403 1 
-10.6171 7.92599 2 
8.99858 -6.46977 0 
-4.97845 -3.93052 1 
-5.73846 -3.70106 2 
4.03052 15.3011 0 
6.75636 9.58163 1 
-7.54821 -0.0235245 2 
7.51456 -0.702265 0 
5.55584 8.28618 1 
-11.4473 10.2062 2 
8.57083 4.53114 0 
3.85114 9.43729 1 
-6.42547 -0.167468 2 
5.43487 8.40232 0 
4.92015 1.97359 1 
-9.02426 1.04666 2 
